Node Numbers,X Locations (inches),Y Locations (inches),Z Locations (inches),Equivalent Elastic Strains (in/in),Equivalent Stress (psi),Max Principal Elastic Strain (in/in),Max Principal Stress (psi),Middle Principal Elastic Strain (in/in),Middle Principal Stress (psi),Min Principal Elastic Strain (in/in),Min Principal Stress (psi),Total Deformation (in)
1,2.558,3.1269,0,0.00025201,2518.4,9.6046e-05,187.57,7.8346e-05,54.575,-0.00024763,-2394.7,0.010785
2,3.3335,2.1376,0,0.00016023,1601.2,5.8912e-05,72.768,4.9237e-05,0.070763,-0.00015887,-1563.6,0.019202
3,4.1021,3.9737,0,0.00012237,1222.8,4.887e-05,31.765,2.8315e-05,-122.68,-0.00012318,-1261,0.030476
4,1.1025,0.87188,0,0.00012102,1209.4,6.5816e-05,263.08,1.6485e-05,-107.57,-0.00011404,-1088.3,0.0012954
5,1.217,2.4234,0,0.00016861,1685,8.8868e-05,351.05,2.7417e-05,-110.66,-0.00015971,-1516.6,0.0021176
6,3.8498,0.96678,0,9.6096e-05,960.3,3.7318e-05,66.759,2.8195e-05,-1.7817,-9.4807e-05,-925.97,0.025327
7,3.7511,5.2608,0,9.1211e-05,911.48,3.7322e-05,92.037,2.6069e-05,7.4854,-8.9223e-05,-858.77,0.023782
8,0.99369,3.85,0,0.00017839,1782.6,0.00010474,425.58,1.0793e-05,-280.33,-0.0001651,-1601.9,0.0013447
9,2.9763,2.7555,0,0.00019708,1969.5,9.7824e-05,387.41,4.2167e-05,-30.776,-0.00018766,-1757.6,0.01522
10,4.5867,2.7973,0,0.00011327,1131.9,4.4003e-05,22.286,2.7801e-05,-99.449,-0.00011409,-1165.5,0.038522
11,1.1205,4.9587,0,0.00012023,1201.4,6.241e-05,232.68,1.9704e-05,-88.199,-0.00011451,-1096.6,0.0014633
12,4.9269,1.4872,0,0.00010014,1000.7,3.5627e-05,24.356,3.0879e-05,-11.32,-9.9874e-05,-993.75,0.043688
13,4.7133,4.7736,0,0.00010549,1054.1,3.8269e-05,25.189,3.119e-05,-27.995,-0.00010543,-1054.5,0.039917
14,5.9607,1.8556,0,9.2875e-05,928.11,3.3949e-05,12.256,2.6076e-05,-46.897,-9.3323e-05,-944.01,0.063136
15,6.9615,1.8234,0,8.4349e-05,842.9,2.9689e-05,1.5302,2.4794e-05,-35.248,-8.4862e-05,-859.16,0.083584
16,8.0777,1.5127,0,7.217e-05,721.2,2.3772e-05,-8.4485,2.3117e-05,-13.373,-7.254e-05,-732.1,0.10819
17,9.221,1.4522,0,6.4059e-05,640.15,2.1719e-05,2.5776,2.0393e-05,-7.3822,-6.4135e-05,-642.49,0.13546
18,10.285,1.4935,0,5.535e-05,553.12,1.8605e-05,3.2531,1.799e-05,-1.3692,-5.5317e-05,-552.16,0.1624
19,11.401,1.4916,0,4.6812e-05,467.8,1.6063e-05,8.3289,1.5169e-05,1.6111,-4.664e-05,-462.8,0.19197
20,12.529,1.4662,0,3.8181e-05,381.55,1.3943e-05,12.833,1.1478e-05,-5.689,-3.8026e-05,-377.64,0.22304
21,13.698,1.3488,0,3.1688e-05,316.66,1.1644e-05,11.12,9.4435e-06,-5.4107,-3.1559e-05,-313.48,0.25622
22,14.943,1.2011,0,2.542e-05,254.02,8.6122e-06,4.8529,8.4548e-06,3.6708,-2.5275e-05,-249.76,0.29249
23,16.099,1.1876,0,1.915e-05,191.37,6.9023e-06,6.5501,5.926e-06,-0.78521,-1.9042e-05,-188.38,0.3269
24,17.242,1.1848,0,1.4219e-05,142.09,5.4074e-06,8.4796,4.2434e-06,-0.26645,-1.4059e-05,-137.79,0.36145
25,18.366,1.1861,0,1.0145e-05,101.38,4.1295e-06,9.0666,2.8265e-06,-0.72409,-9.9674e-06,-96.853,0.39578
26,19.486,1.1848,0,6.8263e-06,68.216,3.024e-06,9.0613,1.7339e-06,-0.6321,-6.631e-06,-63.483,0.4302
27,20.616,1.182,0,4.2225e-06,42.196,2.124e-06,8.727,8.9046e-07,-0.54151,-4.0062e-06,-37.333,0.46511
28,21.737,1.196,0,2.3566e-06,23.55,1.4697e-06,8.4553,2.6398e-07,-0.60381,-2.0884e-06,-18.279,0.49985
29,22.87,1.1962,0,1.2447e-06,12.438,1.0122e-06,7.7645,-9.9988e-08,-0.59173,-8.9029e-07,-6.5298,0.53501
30,22.861,2.3948,0,1.5855e-06,15.844,1.3585e-06,10.809,-2.4592e-07,-1.2455,-1.03e-06,-7.1368,0.53483
31,22.861,3.6034,0,1.5863e-06,15.852,1.3591e-06,10.812,-2.4648e-07,-1.252,-1.0304e-06,-7.1417,0.53488
32,22.867,4.7986,0,1.2463e-06,12.454,1.0127e-06,7.7552,-1.0036e-07,-0.60794,-8.9231e-07,-6.5584,0.53509
33,21.735,4.7971,0,2.3676e-06,23.66,1.4692e-06,8.4072,2.7269e-07,-0.58256,-2.1027e-06,-18.43,0.49995
34,20.601,4.8003,0,4.2465e-06,42.435,2.1333e-06,8.7021,8.9347e-07,-0.61333,-4.0314e-06,-37.617,0.46483
35,19.475,4.7782,0,6.8761e-06,68.714,3.0339e-06,9.0177,1.7588e-06,-0.56274,-6.682e-06,-63.984,0.43005
36,18.352,4.7382,0,1.0202e-05,101.95,4.1733e-06,9.4323,2.8351e-06,-0.62265,-1.0015e-05,-97.172,0.39551
37,17.244,4.7745,0,1.4233e-05,142.24,5.4795e-06,9.2388,4.2001e-06,-0.37374,-1.4058e-05,-137.56,0.36169
38,16.129,4.7747,0,1.897e-05,189.57,7.0059e-06,9.2441,5.8331e-06,0.4321,-1.879e-05,-184.57,0.32799
39,15.027,4.794,0,2.4538e-05,245.21,8.8184e-06,9.3343,7.7258e-06,1.1245,-2.435e-05,-239.88,0.29514
40,13.942,4.8608,0,3.0615e-05,305.93,1.1069e-05,11.795,9.537e-06,0.28509,-3.0393e-05,-299.73,0.26332
41,12.823,4.8543,0,3.5822e-05,357.97,1.3084e-05,9.6038,1.0535e-05,-9.5448,-3.5783e-05,-357.56,0.2313
42,11.807,4.6289,0,4.4404e-05,443.73,1.5606e-05,8.9724,1.3853e-05,-4.1961,-4.4308e-05,-441.2,0.20308
43,10.773,4.5231,0,5.1986e-05,519.5,1.7335e-05,1.0257,1.6945e-05,-1.9051,-5.2e-05,-519.93,0.17527
44,9.7071,4.4199,0,6.0125e-05,600.84,2.0037e-05,-3.9754,1.9145e-05,-10.676,-6.0372e-05,-608.13,0.14777
45,8.4766,4.4491,0,7.0985e-05,709.36,2.3965e-05,4.4535,2.2918e-05,-3.4179,-7.0964e-05,-708.81,0.11765
46,7.1188,3.8663,0,7.8973e-05,789.18,2.8892e-05,9.6206,2.2053e-05,-41.768,-7.9394e-05,-804,0.087198
47,5.7878,3.8755,0,9.1839e-05,917.75,3.4776e-05,10.666,2.348e-05,-74.209,-9.2625e-05,-946.58,0.060013
48,21.723,2.4006,0,2.5955e-06,25.937,1.7571e-06,10.946,1.4015e-07,-1.2029,-2.2066e-06,-18.836,0.49953
49,21.72,3.5981,0,2.6e-06,25.982,1.7538e-06,10.875,1.46e-07,-1.2052,-2.2155e-06,-18.948,0.49948
50,8.051,2.7597,0,7.4918e-05,748.67,2.6206e-05,11.191,2.3223e-05,-11.224,-7.4894e-05,-748.43,0.10809
51,8.9158,2.9521,0,6.5589e-05,655.44,2.3386e-05,9.8179,1.9562e-05,-18.915,-6.5696e-05,-659.51,0.12853
52,10.03,2.9943,0,5.6534e-05,564.95,1.8856e-05,-2.2508,1.8113e-05,-7.8333,-5.6704e-05,-569.98,0.1563
53,11.116,3.0012,0,4.9157e-05,491.23,1.66e-05,7.497,1.6268e-05,5.0007,-4.8944e-05,-484.98,0.18475
54,12.116,3.0392,0,3.8965e-05,389.39,1.3197e-05,2.9393,1.2555e-05,-1.8787,-3.8945e-05,-388.83,0.21195
55,13.672,2.5272,0,3.3339e-05,333.16,1.179e-05,10.515,1.0626e-05,1.7695,-3.3122e-05,-326.93,0.25579
56,14.922,2.4076,0,2.4659e-05,246.42,9.352e-06,10.626,7.0185e-06,-6.9072,-2.4549e-05,-244.09,0.29218
57,16.105,2.3559,0,1.9259e-05,192.46,7.3752e-06,12.072,5.7121e-06,-0.4237,-1.9031e-05,-186.33,0.32735
58,17.245,2.3687,0,1.4341e-05,143.31,5.7188e-06,11.016,4.0389e-06,-1.6062,-1.4139e-05,-138.19,0.36175
59,18.368,2.3704,0,1.0246e-05,102.39,4.3474e-06,11.151,2.7218e-06,-1.0629,-1.0019e-05,-96.794,0.39602
60,19.486,2.3719,0,6.9268e-06,69.22,3.2441e-06,11.043,1.6055e-06,-1.2689,-6.6778e-06,-63.507,0.43037
61,20.607,2.3887,0,4.377e-06,43.74,2.3787e-06,10.983,7.5788e-07,-1.1952,-4.0813e-06,-37.555,0.46498
62,20.592,3.5875,0,4.401e-06,43.98,2.3864e-06,10.905,7.5868e-07,-1.3254,-4.1085e-06,-37.896,0.46457
63,19.481,3.5754,0,6.959e-06,69.542,3.2411e-06,10.935,1.6322e-06,-1.1538,-6.7133e-06,-63.859,0.43026
64,18.357,3.5503,0,1.0276e-05,102.69,4.3744e-06,11.27,2.7124e-06,-1.2175,-1.0048e-05,-97.096,0.39574
65,17.249,3.5446,0,1.4335e-05,143.25,5.7592e-06,11.451,4.0012e-06,-1.7583,-1.4124e-05,-137.94,0.36194
66,16.128,3.5536,0,1.9179e-05,191.66,7.4845e-06,13.924,5.619e-06,-0.092748,-1.8905e-05,-184.36,0.3281
67,14.99,3.5813,0,2.4233e-05,242.16,9.4589e-06,13.69,6.7238e-06,-6.8605,-2.4051e-05,-238.09,0.29424
68,13.878,3.6661,0,3.0379e-05,303.58,1.0536e-05,9.0726,9.9909e-06,4.9771,-3.0138e-05,-296.54,0.26175
69,12.982,3.864,0,3.8225e-05,381.99,1.5536e-05,37.967,1.1058e-05,4.3257,-3.7394e-05,-359.73,0.23609
70,3.5165,4.6605,0,0.0001055,1054.3,4.56e-05,110.1,2.6e-05,-37.164,-0.00010348,-1010.1,0.021078
71,3.4548,3.621,0,0.00015412,1540.2,5.0737e-05,-96.506,4.2157e-05,-160.97,-0.0001584,-1667.9,0.021154
72,1.0976,1.7357,0,0.00014763,1475.3,8.2616e-05,338.07,1.6803e-05,-156.43,-0.00013818,-1320.9,0.001569
73,1.4806,2.9162,0,0.00015412,1540.1,5.885e-05,-118.2,2.5187e-05,-371.13,-0.00016088,-1769.2,0.0032678
74,2.4478,2.7669,0,0.00028907,2888.8,0.000145,517.84,5.3566e-05,-169.14,-0.00027695,-2652.5,0.0097024
75,1.8329,4.5553,0,0.00016659,1664.8,9.1349e-05,471.53,3.2803e-05,31.634,-0.00015361,-1369,0.0042328
76,3.7092,1.7128,0,0.00012648,1263.9,4.5014e-05,49.495,4.0707e-05,17.133,-0.00012531,-1230.3,0.024116
77,3.5505,2.927,0,0.0001837,1835.7,6.3382e-05,5.1753,5.6383e-05,-47.406,-0.00018436,-1856.2,0.022611
78,3.2125,4.2665,0,0.00014474,1446.4,6.3096e-05,136.85,3.3254e-05,-87.371,-0.00014259,-1408.6,0.017263
79,1.7722,3.8831,0,0.00018302,1828.9,6.4139e-05,-146.61,4.0083e-05,-327.36,-0.00019041,-2059.2,0.0044966
80,1.9371,3.138,0,0.00022175,2216,8.8844e-05,-36.439,4.1511e-05,-392.08,-0.00022689,-2408.7,0.0057978
81,2.2126,2.78,0,0.00028786,2876.6,0.00011617,258.69,8.2162e-05,3.1685,-0.00028255,-2737.1,0.0077128
82,2.2126,2.78,0.1,0.00028786,2876.6,0.00028255,2737.1,-8.2162e-05,-3.1685,-0.00011617,-258.69,0.0077128
83,1.9371,3.138,0.1,0.00022175,2216,0.00022689,2408.7,-4.1511e-05,392.08,-8.8844e-05,36.439,0.0057978
84,1.7722,3.8831,0.1,0.00018302,1828.9,0.00019041,2059.2,-4.0083e-05,327.36,-6.4139e-05,146.61,0.0044966
85,3.2125,4.2665,0.1,0.00014474,1446.4,0.00014259,1408.6,-3.3254e-05,87.371,-6.3095e-05,-136.85,0.017263
86,3.5505,2.927,0.1,0.0001837,1835.7,0.00018436,1856.2,-5.6383e-05,47.406,-6.3382e-05,-5.1753,0.022611
87,3.7092,1.7128,0.1,0.00012648,1263.9,0.00012531,1230.3,-4.0707e-05,-17.133,-4.5014e-05,-49.495,0.024116
88,1.8329,4.5553,0.1,0.00016659,1664.8,0.00015361,1369,-3.2803e-05,-31.634,-9.1349e-05,-471.53,0.0042328
89,2.4478,2.7669,0.1,0.00028907,2888.8,0.00027695,2652.5,-5.3566e-05,169.14,-0.000145,-517.84,0.0097024
90,1.4806,2.9162,0.1,0.00015412,1540.2,0.00016088,1769.2,-2.5187e-05,371.13,-5.885e-05,118.2,0.0032678
91,1.0976,1.7357,0.1,0.00014763,1475.3,0.00013818,1320.9,-1.6803e-05,156.43,-8.2616e-05,-338.07,0.001569
92,3.4548,3.621,0.1,0.00015412,1540.2,0.0001584,1667.9,-4.2157e-05,160.97,-5.0737e-05,96.506,0.021154
93,3.5165,4.6605,0.1,0.0001055,1054.3,0.00010348,1010.1,-2.6e-05,37.164,-4.56e-05,-110.1,0.021078
94,12.982,3.864,0.1,3.8225e-05,381.99,3.7394e-05,359.73,-1.1058e-05,-4.3257,-1.5536e-05,-37.967,0.23609
95,13.878,3.6661,0.1,3.0379e-05,303.58,3.0138e-05,296.54,-9.9909e-06,-4.9771,-1.0536e-05,-9.0726,0.26175
96,14.99,3.5813,0.1,2.4233e-05,242.16,2.4051e-05,238.09,-6.7238e-06,6.8605,-9.4589e-06,-13.69,0.29424
97,16.128,3.5536,0.1,1.9179e-05,191.66,1.8905e-05,184.36,-5.619e-06,0.092749,-7.4845e-06,-13.924,0.3281
98,17.249,3.5446,0.1,1.4335e-05,143.25,1.4124e-05,137.94,-4.0012e-06,1.7583,-5.7592e-06,-11.451,0.36194
99,18.357,3.5503,0.1,1.0276e-05,102.69,1.0048e-05,97.096,-2.7124e-06,1.2175,-4.3744e-06,-11.27,0.39574
100,19.481,3.5754,0.1,6.959e-06,69.542,6.7133e-06,63.859,-1.6322e-06,1.1538,-3.2411e-06,-10.935,0.43026
101,20.592,3.5875,0.1,4.401e-06,43.98,4.1085e-06,37.896,-7.5868e-07,1.3254,-2.3864e-06,-10.905,0.46457
102,20.607,2.3887,0.1,4.377e-06,43.74,4.0813e-06,37.555,-7.5788e-07,1.1952,-2.3787e-06,-10.983,0.46498
103,19.486,2.3719,0.1,6.9268e-06,69.22,6.6778e-06,63.507,-1.6055e-06,1.2689,-3.2441e-06,-11.043,0.43037
104,18.368,2.3704,0.1,1.0246e-05,102.39,1.0019e-05,96.794,-2.7218e-06,1.0629,-4.3474e-06,-11.151,0.39602
105,17.245,2.3687,0.1,1.4341e-05,143.31,1.4139e-05,138.19,-4.0389e-06,1.6062,-5.7188e-06,-11.016,0.36175
106,16.105,2.3559,0.1,1.9259e-05,192.46,1.9031e-05,186.33,-5.7121e-06,0.4237,-7.3752e-06,-12.072,0.32735
107,14.922,2.4076,0.1,2.4659e-05,246.42,2.4549e-05,244.09,-7.0185e-06,6.9072,-9.352e-06,-10.626,0.29218
108,13.672,2.5272,0.1,3.3339e-05,333.16,3.3122e-05,326.93,-1.0626e-05,-1.7695,-1.179e-05,-10.515,0.25579
109,12.116,3.0392,0.1,3.8965e-05,389.39,3.8945e-05,388.83,-1.2555e-05,1.8787,-1.3197e-05,-2.9393,0.21195
110,11.116,3.0012,0.1,4.9157e-05,491.23,4.8944e-05,484.98,-1.6268e-05,-5.0007,-1.66e-05,-7.4969,0.18475
111,10.03,2.9943,0.1,5.6534e-05,564.95,5.6704e-05,569.98,-1.8113e-05,7.8333,-1.8856e-05,2.2509,0.1563
112,8.9158,2.9521,0.1,6.5589e-05,655.44,6.5696e-05,659.51,-1.9562e-05,18.915,-2.3386e-05,-9.8179,0.12853
113,8.051,2.7597,0.1,7.4918e-05,748.67,7.4894e-05,748.43,-2.3223e-05,11.224,-2.6206e-05,-11.191,0.10809
114,21.72,3.5981,0.1,2.6e-06,25.982,2.2155e-06,18.948,-1.4601e-07,1.2052,-1.7538e-06,-10.875,0.49948
115,21.723,2.4006,0.1,2.5955e-06,25.937,2.2066e-06,18.836,-1.4015e-07,1.2029,-1.7571e-06,-10.946,0.49953
116,5.7878,3.8755,0.1,9.1839e-05,917.75,9.2625e-05,946.58,-2.348e-05,74.209,-3.4776e-05,-10.666,0.060013
117,7.1188,3.8663,0.1,7.8973e-05,789.18,7.9394e-05,804,-2.2053e-05,41.767,-2.8892e-05,-9.6206,0.087198
118,8.4766,4.4491,0.1,7.0985e-05,709.36,7.0964e-05,708.81,-2.2918e-05,3.4179,-2.3965e-05,-4.4535,0.11765
119,9.7071,4.4199,0.1,6.0125e-05,600.84,6.0372e-05,608.13,-1.9145e-05,10.676,-2.0037e-05,3.9754,0.14777
120,10.773,4.5231,0.1,5.1986e-05,519.5,5.2e-05,519.93,-1.6945e-05,1.9051,-1.7335e-05,-1.0257,0.17527
121,11.807,4.6289,0.1,4.4404e-05,443.73,4.4308e-05,441.2,-1.3853e-05,4.1961,-1.5606e-05,-8.9724,0.20308
122,12.823,4.8543,0.1,3.5822e-05,357.97,3.5783e-05,357.56,-1.0535e-05,9.5448,-1.3084e-05,-9.6038,0.2313
123,13.942,4.8608,0.1,3.0615e-05,305.93,3.0393e-05,299.73,-9.537e-06,-0.28509,-1.1069e-05,-11.795,0.26332
124,15.027,4.794,0.1,2.4538e-05,245.21,2.435e-05,239.88,-7.7258e-06,-1.1245,-8.8184e-06,-9.3343,0.29514
125,16.129,4.7747,0.1,1.897e-05,189.57,1.879e-05,184.57,-5.8331e-06,-0.4321,-7.0059e-06,-9.2441,0.32799
126,17.244,4.7745,0.1,1.4233e-05,142.24,1.4058e-05,137.56,-4.2001e-06,0.37374,-5.4795e-06,-9.2388,0.36169
127,18.352,4.7382,0.1,1.0202e-05,101.95,1.0015e-05,97.172,-2.8351e-06,0.62265,-4.1733e-06,-9.4323,0.39551
128,19.475,4.7782,0.1,6.8761e-06,68.714,6.682e-06,63.984,-1.7588e-06,0.56274,-3.0339e-06,-9.0177,0.43005
129,20.601,4.8003,0.1,4.2465e-06,42.435,4.0314e-06,37.617,-8.9347e-07,0.61333,-2.1333e-06,-8.7021,0.46483
130,21.735,4.7971,0.1,2.3676e-06,23.66,2.1027e-06,18.43,-2.7269e-07,0.58256,-1.4692e-06,-8.4072,0.49995
131,22.867,4.7986,0.1,1.2463e-06,12.454,8.9231e-07,6.5584,1.0036e-07,0.60794,-1.0127e-06,-7.7552,0.53509
132,22.861,3.6034,0.1,1.5863e-06,15.852,1.0304e-06,7.1417,2.4648e-07,1.252,-1.3591e-06,-10.812,0.53488
133,22.861,2.3948,0.1,1.5855e-06,15.844,1.03e-06,7.1368,2.4592e-07,1.2455,-1.3585e-06,-10.809,0.53483
134,22.87,1.1962,0.1,1.2447e-06,12.438,8.9029e-07,6.5298,9.9988e-08,0.59173,-1.0122e-06,-7.7645,0.53501
135,21.737,1.196,0.1,2.3566e-06,23.55,2.0884e-06,18.279,-2.6398e-07,0.60381,-1.4697e-06,-8.4553,0.49985
136,20.616,1.182,0.1,4.2225e-06,42.196,4.0062e-06,37.333,-8.9046e-07,0.54151,-2.124e-06,-8.727,0.46511
137,19.486,1.1848,0.1,6.8263e-06,68.216,6.631e-06,63.483,-1.7339e-06,0.6321,-3.024e-06,-9.0613,0.4302
138,18.366,1.1861,0.1,1.0145e-05,101.38,9.9674e-06,96.853,-2.8265e-06,0.72409,-4.1295e-06,-9.0666,0.39578
139,17.242,1.1848,0.1,1.4219e-05,142.09,1.4059e-05,137.79,-4.2434e-06,0.26645,-5.4074e-06,-8.4796,0.36145
140,16.099,1.1876,0.1,1.915e-05,191.37,1.9042e-05,188.38,-5.926e-06,0.78521,-6.9023e-06,-6.5501,0.3269
141,14.943,1.2011,0.1,2.542e-05,254.02,2.5275e-05,249.76,-8.4548e-06,-3.6708,-8.6122e-06,-4.8529,0.29249
142,13.698,1.3488,0.1,3.1688e-05,316.66,3.1559e-05,313.48,-9.4435e-06,5.4107,-1.1644e-05,-11.12,0.25622
143,12.529,1.4662,0.1,3.8181e-05,381.55,3.8026e-05,377.64,-1.1478e-05,5.689,-1.3943e-05,-12.833,0.22304
144,11.401,1.4916,0.1,4.6813e-05,467.8,4.664e-05,462.8,-1.5169e-05,-1.6111,-1.6063e-05,-8.3289,0.19197
145,10.285,1.4935,0.1,5.535e-05,553.12,5.5317e-05,552.16,-1.799e-05,1.3692,-1.8605e-05,-3.2531,0.1624
146,9.221,1.4522,0.1,6.4059e-05,640.15,6.4135e-05,642.49,-2.0393e-05,7.3822,-2.1719e-05,-2.5776,0.13546
147,8.0777,1.5127,0.1,7.217e-05,721.2,7.254e-05,732.1,-2.3117e-05,13.373,-2.3772e-05,8.4485,0.10819
148,6.9615,1.8234,0.1,8.4349e-05,842.9,8.4862e-05,859.16,-2.4794e-05,35.248,-2.9689e-05,-1.5302,0.083584
149,5.9607,1.8556,0.1,9.2875e-05,928.11,9.3323e-05,944.01,-2.6076e-05,46.897,-3.3949e-05,-12.256,0.063136
150,4.7133,4.7736,0.1,0.00010549,1054.1,0.00010543,1054.5,-3.119e-05,27.995,-3.8269e-05,-25.189,0.039917
151,4.9269,1.4872,0.1,0.00010014,1000.7,9.9874e-05,993.75,-3.0879e-05,11.32,-3.5627e-05,-24.356,0.043688
152,1.1205,4.9587,0.1,0.00012023,1201.4,0.00011451,1096.6,-1.9704e-05,88.199,-6.241e-05,-232.68,0.0014633
153,4.5867,2.7973,0.1,0.00011327,1131.9,0.00011409,1165.5,-2.7801e-05,99.449,-4.4003e-05,-22.286,0.038522
154,2.9763,2.7555,0.1,0.00019708,1969.5,0.00018766,1757.6,-4.2167e-05,30.776,-9.7824e-05,-387.41,0.01522
155,0.99369,3.85,0.1,0.00017839,1782.6,0.0001651,1601.9,-1.0793e-05,280.33,-0.00010474,-425.58,0.0013447
156,3.7511,5.2608,0.1,9.1211e-05,911.48,8.9223e-05,858.77,-2.6069e-05,-7.4854,-3.7322e-05,-92.037,0.023782
157,3.8498,0.96678,0.1,9.6096e-05,960.3,9.4807e-05,925.97,-2.8195e-05,1.7817,-3.7318e-05,-66.759,0.025327
158,1.217,2.4234,0.1,0.00016861,1685,0.00015971,1516.6,-2.7417e-05,110.66,-8.8868e-05,-351.05,0.0021176
159,1.1025,0.87188,0.1,0.00012102,1209.4,0.00011404,1088.3,-1.6485e-05,107.57,-6.5816e-05,-263.08,0.0012954
160,4.1021,3.9737,0.1,0.00012237,1222.8,0.00012318,1261,-2.8315e-05,122.68,-4.887e-05,-31.765,0.030476
161,3.3335,2.1376,0.1,0.00016023,1601.2,0.00015887,1563.6,-4.9237e-05,-0.070686,-5.8912e-05,-72.768,0.019202
162,2.558,3.1269,0.1,0.00025201,2518.4,0.00024763,2394.7,-7.8346e-05,-54.575,-9.6046e-05,-187.57,0.010785
163,2.6267,5.5,0.1,6.4424e-05,643.8,6.9004e-05,792.1,-8.4363e-06,210.24,-2.3046e-05,100.47,0.0068923
164,2.6267,5,0.1,0.00011757,1174.9,0.00012271,1331.3,-2.7172e-05,205.1,-3.9418e-05,113.09,0.0080389
165,2.6267,4.5,0.1,0.0002909,2907,0.00027504,2538.9,-6.3675e-05,-6.0674,-0.0001466,-629.1,0.009295
166,2.6267,4,0.1,0.00038048,3802.1,0.00039268,4179.9,-9.1119e-05,544.78,-0.00013298,230.25,0.0105
167,2.46,4,0.1,0.00040407,4037.9,0.00041262,4305.6,-0.00010368,426.26,-0.00014367,125.79,0.0089224
168,2.46,4.5,0.1,0.00027672,2765.3,0.00024297,2073.2,-3.4475e-05,-11.383,-0.00017453,-1063.7,0.0075808
169,2.46,5,0.1,9.1701e-05,916.37,8.7641e-05,819.19,-2.1733e-05,-2.6058,-4.3875e-05,-168.97,0.0064238
170,2.46,5.5,0.1,0.0001024,1023.3,0.00010992,1252,-1.8822e-05,284.64,-3.2674e-05,180.56,0.0055747
171,2.6267,0.5,0.1,7.1415e-05,713.66,7.6186e-05,870.83,-9.0833e-06,230.15,-2.6185e-05,101.65,0.0064894
172,2.6267,1,0.1,0.00012108,1209.9,0.00012758,1406,-2.7074e-05,243.96,-3.9156e-05,153.19,0.0076652
173,2.6267,1.5,0.1,0.00020833,2081.9,0.00021087,2157.9,-6.1989e-05,107.71,-7.0246e-05,45.666,0.0089168
174,2.6267,2,0.1,0.00051502,5146.7,0.00053907,5939.1,-8.8363e-05,1224.8,-0.00019171,448.36,0.010221
175,2.46,2,0.1,0.00047631,4759.9,0.00050246,5556.7,-0.00010051,1026.2,-0.00015768,596.6,0.0086335
176,2.46,1.5,0.1,0.00024647,2463,0.0002651,3042.9,-3.8503e-05,761.71,-8.2478e-05,431.3,0.0074899
177,2.46,1,0.1,0.00015412,1540.2,0.00016821,1985.3,-1.7647e-05,588.83,-5.164e-05,333.42,0.0065258
178,2.46,0.5,0.1,0.00010694,1068.6,0.00011569,1331.1,-2.0393e-05,308.62,-3.1968e-05,221.64,0.0056992
179,2.6267,6,0.1,4.7366e-05,473.33,5.1134e-05,605.78,-2.5167e-06,202.67,-1.8233e-05,84.58,0.0057962
180,3.7516,6,0.1,7.6576e-05,765.23,7.5111e-05,725.23,-2.2763e-05,-10.164,-3.0288e-05,-66.704,0.022541
181,4.8765,6,0.1,9.5198e-05,951.32,9.4501e-05,931.3,-3.0454e-05,-7.5584,-3.3707e-05,-32.003,0.041174
182,6.0014,6,0.1,9.1821e-05,917.58,9.2254e-05,930.3,-2.9681e-05,14.132,-3.0054e-05,11.326,0.062205
183,7.1263,6,0.1,8.1141e-05,810.85,8.1734e-05,828.66,-2.4783e-05,28.33,-2.7531e-05,7.6868,0.085533
184,8.2512,6,0.1,7.2396e-05,723.47,7.297e-05,740.38,-2.2792e-05,20.856,-2.3834e-05,13.028,0.11091
185,9.3761,6,0.1,6.4724e-05,646.79,6.4952e-05,654.16,-1.9469e-05,19.857,-2.2702e-05,-4.4394,0.13814
186,10.501,6,0.1,5.3679e-05,536.42,5.406e-05,547.7,-1.687e-05,14.756,-1.7786e-05,7.8709,0.167
187,11.626,6,0.1,4.5672e-05,456.41,4.5588e-05,454.05,-1.4555e-05,2.1634,-1.574e-05,-6.7457,0.19721
188,12.751,6,0.1,3.8359e-05,383.33,3.8102e-05,375.89,-1.2384e-05,-3.4415,-1.3432e-05,-11.315,0.22857
189,13.876,6,0.1,3.0411e-05,303.91,3.0282e-05,300.26,-9.6062e-06,0.55328,-1.0702e-05,-7.6829,0.26086
190,15.001,6,0.1,2.4697e-05,246.8,2.4517e-05,241.66,-7.839e-06,-1.4467,-8.8001e-06,-8.668,0.2939
191,16.126,6,0.1,1.8961e-05,189.48,1.8767e-05,184.4,-5.5631e-06,1.5916,-7.2542e-06,-11.115,0.32754
192,17.251,6,0.1,1.4259e-05,142.49,1.4016e-05,135.99,-4.1574e-06,-0.55915,-5.6518e-06,-11.788,0.36163
193,18.375,6,0.1,1.0118e-05,101.11,9.8643e-06,94.548,-2.7883e-06,-0.51903,-4.2744e-06,-11.685,0.39606
194,19.5,6,0.1,6.8278e-06,68.231,6.555e-06,61.551,-1.691e-06,-0.40605,-3.1775e-06,-11.575,0.43072
195,20.625,6,0.1,4.1873e-06,41.844,3.9034e-06,35.344,-8.583e-07,-0.43372,-2.2203e-06,-10.667,0.46552
196,21.75,6,0.1,2.2392e-06,22.376,1.929e-06,16.048,-2.5195e-07,-0.33931,-1.464e-06,-9.4461,0.5004
197,22.875,6,0.1,1.0322e-06,10.315,6.71e-07,4.0591,9.0964e-08,-0.29903,-8.9669e-07,-7.7198,0.53532
198,24,6,0.1,4.6855e-07,4.6823,1.6605e-07,-0.31088,1.0544e-07,-0.76629,-4.8521e-07,-5.2042,0.57025
199,24,4.8,0.1,8.3861e-07,8.3803,4.2728e-07,2.2024,2.1385e-07,0.59878,-7.7936e-07,-6.8638,0.57025
200,24,3.6,0.1,1.2532e-06,12.523,6.0516e-07,3.1178,3.6678e-07,1.3267,-1.1679e-06,-10.204,0.57022
201,24,2.4,0.1,1.2532e-06,12.524,6.0537e-07,3.1192,3.6657e-07,1.3249,-1.1679e-06,-10.205,0.57016
202,24,1.2,0.1,8.3867e-07,8.3809,4.2572e-07,2.1833,2.1506e-07,0.60051,-7.8002e-07,-6.8761,0.57007
203,1.049e-14,1.2,0.1,8.2933e-05,828.76,0.0001101,1629,2.7601e-06,822.44,-2.932e-06,779.67,0
204,2.0981e-14,2.4,0.1,9.7233e-05,971.65,0.00012937,1916.3,6.5172e-07,949.15,-5.4147e-07,940.18,0
205,3.1471e-14,3.6,0.1,9.2508e-05,924.44,0.00012545,1902.5,1.048e-05,1038.6,-4.308e-06,927.53,0
206,4.1961e-14,4.8,0.1,9.0254e-05,901.92,0.00012012,1780.1,1.4248e-06,888.25,-1.2131e-06,868.43,0
207,24,0,0.1,4.6763e-07,4.6731,1.6656e-07,-0.30157,1.0455e-07,-0.76744,-4.8407e-07,-5.1901,0.56996
208,22.875,0,0.1,1.0325e-06,10.318,6.7416e-07,4.0905,8.7203e-08,-0.31963,-8.9503e-07,-7.6998,0.53503
209,21.75,0,0.1,2.2404e-06,22.388,1.9301e-06,16.062,-2.5129e-07,-0.32769,-1.4649e-06,-9.446,0.50012
210,20.625,0,0.1,4.1624e-06,41.595,3.8895e-06,35.332,-8.6303e-07,-0.37699,-2.189e-06,-10.34,0.46523
211,19.5,0,0.1,6.7927e-06,67.88,6.5369e-06,61.561,-1.7132e-06,-0.42737,-3.1172e-06,-10.976,0.43043
212,18.375,0,0.1,1.0149e-05,101.42,9.9163e-06,95.381,-2.8244e-06,-0.34763,-4.2296e-06,-10.905,0.39577
213,17.251,0,0.1,1.4236e-05,142.27,1.4013e-05,136.27,-4.1704e-06,-0.34536,-5.5929e-06,-11.033,0.36135
214,16.126,0,0.1,1.8931e-05,189.18,1.8801e-05,185.83,-5.612e-06,2.4024,-7.0777e-06,-8.6104,0.32725
215,15.001,0,0.1,2.5272e-05,252.54,2.5048e-05,246.19,-7.9725e-06,-1.913,-9.124e-06,-10.565,0.29362
216,13.876,0,0.1,3.1393e-05,313.71,3.0952e-05,301.3,-9.736e-06,-4.4105,-1.1789e-05,-19.839,0.2606
217,12.751,0,0.1,3.7417e-05,373.91,3.701e-05,362.63,-1.148e-05,-1.7112,-1.3937e-05,-20.172,0.22834
218,11.626,0,0.1,4.5059e-05,450.28,4.4735e-05,441.09,-1.4211e-05,-1.8099,-1.613e-05,-16.223,0.197
219,10.501,0,0.1,5.4246e-05,542.08,5.3907e-05,532.22,-1.7713e-05,-5.9045,-1.8755e-05,-13.735,0.16678
220,9.3761,0,0.1,6.3064e-05,630.21,6.2951e-05,627.02,-2.0157e-05,2.5802,-2.1673e-05,-8.8102,0.13791
221,8.2512,0,0.1,7.481e-05,747.58,7.4461e-05,737.45,-2.4276e-05,-4.4164,-2.578e-05,-15.719,0.11062
222,7.1263,0,0.1,8.2947e-05,828.9,8.3128e-05,834.3,-2.6471e-05,10.825,-2.79e-05,0.084747,0.085189
223,6.0014,0,0.1,8.9339e-05,892.77,8.98e-05,906.37,-2.8516e-05,17.389,-2.9519e-05,9.8569,0.061867
224,4.8765,0,0.1,9.367e-05,936.06,9.286e-05,912.28,-3.1324e-05,-20.794,-3.2114e-05,-26.733,0.040812
225,3.7516,0,0.1,8.1205e-05,811.49,7.9471e-05,764.46,-2.3844e-05,-11.808,-3.2678e-05,-78.183,0.022085
226,2.6267,0,0.1,5.7488e-05,574.49,6.0868e-05,693.41,-6.0107e-06,190.91,-2.2486e-05,67.123,0.0053442
227,2.46,0,0.1,8.4569e-05,845.11,9.0027e-05,1007.3,-1.9312e-05,185.77,-2.5346e-05,140.43,0.0049091
228,1.23,-3.0709e-31,0.1,0.00011289,1128.1,0.00010845,1011.8,-3.093e-05,-35.463,-5.0519e-05,-182.65,0.001126
229,0,0,0.1,5.9969e-05,599.28,7.6117e-05,1080.3,1.6112e-06,520.46,-8.0199e-06,448.1,0
230,3.937e-14,6,0.1,6.4401e-05,643.56,8.1479e-05,1155.9,2.9116e-06,565.62,-9.8308e-06,469.87,0
231,1.23,6,0.1,0.00010984,1097.6,0.00010375,922.16,-3.7338e-05,-137.93,-4.6857e-05,-209.45,0.0011557
232,2.46,6,0.1,6.0313e-05,602.72,7.0769e-05,915.33,-4.6737e-06,348.49,-1.3493e-05,282.22,0.0047678
233,1.23,6,0,0.00010984,1097.6,4.6857e-05,209.45,3.7338e-05,137.93,-0.00010375,-922.16,0.0011557
234,2.46,6,0,6.0313e-05,602.72,1.3493e-05,-282.22,4.6737e-06,-348.49,-7.0769e-05,-915.33,0.0047678
235,3.937e-14,6,0,6.4401e-05,643.56,9.8308e-06,-469.87,-2.9116e-06,-565.62,-8.1479e-05,-1155.9,0
236,1.23,-3.0709e-31,0,0.00011289,1128.1,5.0519e-05,182.65,3.093e-05,35.463,-0.00010845,-1011.8,0.001126
237,2.46,0,0,8.4569e-05,845.11,2.5346e-05,-140.43,1.9312e-05,-185.77,-9.0027e-05,-1007.3,0.0049091
238,0,0,0,5.9969e-05,599.28,8.0199e-06,-448.1,-1.6112e-06,-520.46,-7.6117e-05,-1080.3,0
239,3.7516,0,0,8.1205e-05,811.49,3.2678e-05,78.183,2.3844e-05,11.808,-7.9471e-05,-764.46,0.022085
240,4.8765,0,0,9.367e-05,936.06,3.2114e-05,26.733,3.1324e-05,20.794,-9.286e-05,-912.28,0.040812
241,6.0014,0,0,8.9339e-05,892.77,2.9519e-05,-9.8569,2.8516e-05,-17.389,-8.98e-05,-906.37,0.061867
242,7.1263,0,0,8.2947e-05,828.9,2.79e-05,-0.084746,2.647e-05,-10.825,-8.3128e-05,-834.3,0.085189
243,8.2512,0,0,7.481e-05,747.58,2.578e-05,15.719,2.4276e-05,4.4164,-7.4461e-05,-737.45,0.11062
244,9.3761,0,0,6.3064e-05,630.21,2.1673e-05,8.8102,2.0157e-05,-2.5802,-6.2951e-05,-627.02,0.13791
245,10.501,0,0,5.4246e-05,542.08,1.8755e-05,13.735,1.7713e-05,5.9045,-5.3907e-05,-532.22,0.16678
246,11.626,0,0,4.5059e-05,450.28,1.613e-05,16.223,1.4211e-05,1.8099,-4.4735e-05,-441.09,0.197
247,12.751,0,0,3.7417e-05,373.91,1.3937e-05,20.172,1.148e-05,1.7112,-3.701e-05,-362.63,0.22834
248,13.876,0,0,3.1393e-05,313.71,1.1789e-05,19.84,9.736e-06,4.4105,-3.0952e-05,-301.3,0.2606
249,15.001,0,0,2.5272e-05,252.54,9.124e-06,10.565,7.9725e-06,1.913,-2.5048e-05,-246.19,0.29362
250,16.126,0,0,1.8931e-05,189.18,7.0777e-06,8.6104,5.612e-06,-2.4024,-1.8801e-05,-185.83,0.32725
251,17.251,0,0,1.4236e-05,142.27,5.5929e-06,11.033,4.1704e-06,0.34536,-1.4013e-05,-136.27,0.36135
252,18.375,0,0,1.0149e-05,101.42,4.2296e-06,10.905,2.8244e-06,0.34763,-9.9163e-06,-95.381,0.39577
253,19.5,0,0,6.7927e-06,67.88,3.1172e-06,10.976,1.7132e-06,0.42737,-6.5369e-06,-61.561,0.43043
254,20.625,0,0,4.1624e-06,41.595,2.189e-06,10.34,8.6303e-07,0.37699,-3.8895e-06,-35.332,0.46523
255,21.75,0,0,2.2404e-06,22.388,1.4649e-06,9.446,2.5129e-07,0.32769,-1.9301e-06,-16.062,0.50012
256,22.875,0,0,1.0325e-06,10.318,8.9503e-07,7.6998,-8.7204e-08,0.31963,-6.7416e-07,-4.0905,0.53503
257,2.6267,0,0,5.7488e-05,574.49,2.2486e-05,-67.123,6.0107e-06,-190.91,-6.0868e-05,-693.41,0.0053442
258,24,0,0,4.6763e-07,4.673,4.8407e-07,5.1901,-1.0455e-07,0.76746,-1.6656e-07,0.30157,0.56996
259,4.1961e-14,4.8,0,9.0254e-05,901.92,1.2131e-06,-868.43,-1.4248e-06,-888.25,-0.00012012,-1780.1,0
260,3.1471e-14,3.6,0,9.2508e-05,924.44,4.308e-06,-927.53,-1.048e-05,-1038.6,-0.00012545,-1902.5,0
261,2.0981e-14,2.4,0,9.7233e-05,971.65,5.4147e-07,-940.18,-6.5172e-07,-949.15,-0.00012937,-1916.3,0
262,1.049e-14,1.2,0,8.2933e-05,828.76,2.932e-06,-779.67,-2.7601e-06,-822.44,-0.0001101,-1629,0
263,24,1.2,0,8.3867e-07,8.3809,7.8002e-07,6.8761,-2.1506e-07,-0.60051,-4.2572e-07,-2.1833,0.57007
264,24,2.4,0,1.2532e-06,12.524,1.1679e-06,10.205,-3.6657e-07,-1.3249,-6.0537e-07,-3.1191,0.57016
265,24,3.6,0,1.2532e-06,12.523,1.1679e-06,10.204,-3.6678e-07,-1.3267,-6.0516e-07,-3.1178,0.57022
266,24,4.8,0,8.3861e-07,8.3803,7.7936e-07,6.8638,-2.1385e-07,-0.59878,-4.2728e-07,-2.2024,0.57025
267,24,6,0,4.6855e-07,4.6823,4.8521e-07,5.2042,-1.0544e-07,0.76631,-1.6606e-07,0.31088,0.57025
268,22.875,6,0,1.0322e-06,10.315,8.9669e-07,7.7199,-9.0964e-08,0.29903,-6.71e-07,-4.0591,0.53532
269,21.75,6,0,2.2392e-06,22.376,1.464e-06,9.4461,2.5195e-07,0.33931,-1.929e-06,-16.048,0.5004
270,20.625,6,0,4.1873e-06,41.844,2.2203e-06,10.667,8.583e-07,0.43372,-3.9034e-06,-35.344,0.46552
271,19.5,6,0,6.8278e-06,68.231,3.1775e-06,11.575,1.691e-06,0.40605,-6.555e-06,-61.551,0.43072
272,18.375,6,0,1.0118e-05,101.11,4.2744e-06,11.685,2.7883e-06,0.51903,-9.8643e-06,-94.548,0.39606
273,17.251,6,0,1.4259e-05,142.49,5.6518e-06,11.788,4.1574e-06,0.55915,-1.4016e-05,-135.99,0.36163
274,16.126,6,0,1.8961e-05,189.48,7.2542e-06,11.115,5.5631e-06,-1.5916,-1.8767e-05,-184.4,0.32754
275,15.001,6,0,2.4697e-05,246.8,8.8001e-06,8.668,7.839e-06,1.4467,-2.4517e-05,-241.66,0.2939
276,13.876,6,0,3.0411e-05,303.91,1.0702e-05,7.6829,9.6062e-06,-0.55328,-3.0282e-05,-300.26,0.26086
277,12.751,6,0,3.8359e-05,383.33,1.3432e-05,11.315,1.2384e-05,3.4415,-3.8102e-05,-375.89,0.22857
278,11.626,6,0,4.5672e-05,456.41,1.574e-05,6.7457,1.4555e-05,-2.1634,-4.5588e-05,-454.05,0.19721
279,10.501,6,0,5.3679e-05,536.42,1.7786e-05,-7.8709,1.687e-05,-14.756,-5.406e-05,-547.7,0.167
280,9.3761,6,0,6.4724e-05,646.79,2.2702e-05,4.4394,1.9469e-05,-19.857,-6.4952e-05,-654.16,0.13814
281,8.2512,6,0,7.2396e-05,723.47,2.3834e-05,-13.028,2.2792e-05,-20.856,-7.297e-05,-740.38,0.11091
282,7.1263,6,0,8.1141e-05,810.85,2.7531e-05,-7.6868,2.4783e-05,-28.33,-8.1734e-05,-828.66,0.085533
283,6.0014,6,0,9.1821e-05,917.58,3.0054e-05,-11.326,2.9681e-05,-14.132,-9.2254e-05,-930.3,0.062205
284,4.8765,6,0,9.5198e-05,951.32,3.3707e-05,32.003,3.0454e-05,7.5584,-9.4501e-05,-931.3,0.041174
285,3.7516,6,0,7.6576e-05,765.23,3.0288e-05,66.704,2.2763e-05,10.164,-7.5111e-05,-725.23,0.022541
286,2.6267,6,0,4.7366e-05,473.33,1.8233e-05,-84.58,2.5167e-06,-202.67,-5.1134e-05,-605.78,0.0057962
287,2.46,1.5,0,0.00024647,2463,8.2478e-05,-431.3,3.8503e-05,-761.71,-0.0002651,-3042.9,0.0074899
288,2.46,1,0,0.00015412,1540.2,5.164e-05,-333.42,1.7647e-05,-588.83,-0.00016821,-1985.3,0.0065258
289,2.46,0.5,0,0.00010694,1068.6,3.1968e-05,-221.64,2.0393e-05,-308.62,-0.00011569,-1331.1,0.0056992
290,2.46,2,0,0.00047631,4759.9,0.00015768,-596.6,0.00010051,-1026.2,-0.00050246,-5556.7,0.0086335
291,2.6267,0.5,0,7.1415e-05,713.66,2.6185e-05,-101.65,9.0833e-06,-230.15,-7.6186e-05,-870.83,0.0064894
292,2.6267,1,0,0.00012108,1209.9,3.9156e-05,-153.19,2.7074e-05,-243.96,-0.00012758,-1406,0.0076652
293,2.6267,1.5,0,0.00020833,2081.9,7.0246e-05,-45.666,6.1989e-05,-107.71,-0.00021087,-2157.9,0.0089168
294,2.6267,2,0,0.00051502,5146.7,0.00019171,-448.36,8.8363e-05,-1224.8,-0.00053907,-5939.1,0.010221
295,2.46,4.5,0,0.00027672,2765.3,0.00017453,1063.7,3.4475e-05,11.383,-0.00024297,-2073.2,0.0075808
296,2.46,5,0,9.1701e-05,916.37,4.3875e-05,168.97,2.1733e-05,2.6058,-8.7641e-05,-819.19,0.0064238
297,2.46,5.5,0,0.0001024,1023.3,3.2674e-05,-180.56,1.8822e-05,-284.64,-0.00010992,-1252,0.0055747
298,2.46,4,0,0.00040407,4037.9,0.00014367,-125.79,0.00010368,-426.26,-0.00041263,-4305.6,0.0089224
299,2.6267,5.5,0,6.4424e-05,643.8,2.3046e-05,-100.47,8.4363e-06,-210.24,-6.9004e-05,-792.1,0.0068923
300,2.6267,5,0,0.00011757,1174.9,3.9418e-05,-113.09,2.7172e-05,-205.1,-0.00012271,-1331.3,0.0080389
301,2.6267,4.5,0,0.0002909,2907,0.0001466,629.1,6.3675e-05,6.0674,-0.00027504,-2538.9,0.009295
302,2.6267,4,0,0.00038048,3802.1,0.00013298,-230.25,9.1119e-05,-544.78,-0.00039268,-4179.9,0.0105
303,2.7671,2.9412,0,0.00022381,2236.6,9.6635e-05,285.24,6.0403e-05,13.006,-0.00021749,-2075,0.012927
304,2.5029,2.9469,0,0.00026658,2663.9,0.00011808,334.37,6.5809e-05,-58.383,-0.0002597,-2504.1,0.010273
305,2.2475,3.1324,0,0.00023452,2343.6,8.5541e-05,23.692,6.5485e-05,-127.01,-0.00023591,-2391.6,0.0080432
306,2.558,3.1269,0.05,8.4248e-06,84.19,6.4692e-06,48.607,-5.3561e-12,-5.635e-06,-6.4692e-06,-48.607,0.010773
307,2.509,3.5634,0,0.0003269,3266.8,0.00011746,12.893,9.253e-05,-174.45,-0.00032925,-3343.5,0.010037
308,3.1549,2.4465,0,0.00017499,1748.7,7.4029e-05,197.49,4.7583e-05,-1.2183,-0.0001708,-1642.1,0.017158
309,3.5213,1.9252,0,0.00014297,1428.7,5.0747e-05,51.996,4.5884e-05,15.458,-0.00014179,-1394.6,0.021612
310,3.442,2.5323,0,0.00016878,1686.7,5.968e-05,27.949,5.1463e-05,-33.791,-0.0001688,-1688.8,0.020976
311,3.3335,2.1376,0.05,7.9919e-06,79.864,6.1368e-06,46.109,-1.1566e-12,3.7325e-05,-6.1368e-06,-46.109,0.019189
312,2.9801,1.8188,0,0.00017755,1774.3,5.7287e-05,-41.241,5.7021e-05,-43.24,-0.00017899,-1816.5,0.01412
313,4.3444,3.3855,0,0.00011716,1170.7,4.6436e-05,27.022,2.7435e-05,-115.75,-0.00011801,-1208.6,0.034546
314,4.4077,4.3737,0,0.00011379,1137.1,4.3554e-05,28.36,2.9696e-05,-75.767,-0.00011423,-1157.2,0.03512
315,3.8093,4.3171,0,0.00011232,1122.4,3.7422e-05,-2.8026,3.6205e-05,-11.941,-0.00011257,-1129.8,0.025757
316,3.7785,3.7973,0,0.00013766,1375.6,4.9619e-05,-33.759,3.4977e-05,-143.77,-0.00014035,-1461.1,0.025672
317,4.1021,3.9737,0.05,1.4787e-06,14.777,1.1355e-06,8.5314,-9.4001e-12,-7.0777e-05,-1.1355e-06,-8.5314,0.030465
318,1.1001,1.3038,0,0.00013411,1340.1,7.4148e-05,300.07,1.6507e-05,-133.03,-0.0001259,-1203.1,0.0014414
319,1.1025,0.87188,0.05,4.2804e-06,42.774,3.2868e-06,24.696,-1.6773e-12,-1.6282e-05,-3.2868e-06,-24.696,0.001288
320,1.1663,0.43594,0,0.0001164,1163.2,5.8124e-05,222.54,2.3552e-05,-37.223,-0.00011105,-1048.5,0.0012525
321,0.55126,1.0359,0,9.8529e-05,984.61,3.2995e-05,-268.65,5.7128e-06,-473.64,-0.00010954,-1339.6,0.00033299
322,1.7813,0.68594,0,0.0001125,1124.3,4.8349e-05,16.637,1.8185e-05,-210,-0.00011407,-1203.7,0.0031836
323,1.1573,2.0796,0,0.00015761,1575.1,8.5733e-05,344.49,2.1634e-05,-137.12,-0.00014846,-1415.1,0.0018486
324,1.3488,2.6698,0,0.00016066,1605.5,7.3404e-05,113.01,2.6346e-05,-240.57,-0.00015988,-1639.8,0.002686
325,1.217,2.4234,0.05,1.1616e-05,116.08,8.92e-06,67.021,-8.1418e-13,5.5966e-06,-8.92e-06,-67.021,0.0021071
326,0.60848,3.0117,0,0.00012945,1293.6,4.4878e-05,-301.08,9.748e-06,-565.04,-0.00014215,-1706.3,0.00051391
327,1.8385,1.9617,0,0.00019837,1982.3,8.562e-05,-40.523,2.4133e-05,-502.51,-0.00020352,-2213,0.0046271
328,4.3884,1.227,0,9.7362e-05,972.95,3.3529e-05,23.443,3.1906e-05,11.25,-9.6766e-05,-955.54,0.034258
329,3.7795,1.3398,0,0.00011126,1111.8,4.1075e-05,57.444,3.4539e-05,8.3353,-0.00011006,-1078.1,0.024752
330,3.8498,0.96678,0.05,4.1006e-06,40.978,3.1488e-06,23.659,2.0622e-12,2.5344e-05,-3.1488e-06,-23.659,0.025315
331,3.8007,0.48339,0,8.8593e-05,885.32,3.4984e-05,72.365,2.5983e-05,4.7365,-8.7088e-05,-844.83,0.023779
332,3.2383,0.73339,0,8.137e-05,813.14,2.7376e-05,-50.321,2.1283e-05,-96.105,-8.3765e-05,-885.39,0.015733
333,4.2322,5.0172,0,9.7384e-05,973.17,3.3637e-05,27.372,3.2103e-05,15.843,-9.6644e-05,-951.51,0.031661
334,3.6338,4.9607,0,9.8274e-05,982.06,4.1385e-05,100.49,2.6063e-05,-14.625,-9.6306e-05,-934.06,0.022433
335,3.7511,5.2608,0.05,4.4319e-06,44.289,3.4032e-06,25.57,1.0506e-12,1.3562e-05,-3.4032e-06,-25.57,0.023769
336,3.7514,5.6304,0,8.3708e-05,836.5,3.3645e-05,78.17,2.442e-05,8.8573,-8.2012e-05,-790.83,0.0232
337,3.1889,5.3804,0,7.4728e-05,746.76,2.4655e-05,-45.759,2.0441e-05,-77.423,-7.6773e-05,-807.85,0.015192
338,1.0571,4.4044,0,0.00014791,1478.1,8.3271e-05,326.83,1.4386e-05,-190.74,-0.00013863,-1340.5,0.0014363
339,1.2371,3.3831,0,0.00016473,1646.2,8.1724e-05,153.14,1.7405e-05,-330.13,-0.00016233,-1680.6,0.002205
340,1.3829,3.8666,0,0.00017749,1773.7,8.4258e-05,138.11,2.3969e-05,-314.88,-0.0001761,-1818.1,0.002683
341,0.99369,3.85,0.05,7.9281e-06,79.226,6.0878e-06,45.741,7.2986e-12,6.2328e-05,-6.0878e-06,-45.741,0.0013349
342,0.49684,3.725,0,0.00013332,1332.3,5.2193e-05,-268.5,2.0193e-06,-645.49,-0.00014481,-1748.7,0.0003364
343,3.2634,2.8412,0,0.00018931,1891.8,7.8456e-05,180.17,5.1238e-05,-24.34,-0.00018582,-1805.5,0.018748
344,2.9763,2.7555,0.05,4.0414e-06,40.386,3.1033e-06,23.317,1.5501e-11,0.00022791,-3.1033e-06,-23.317,0.015208
345,2.8015,2.3777,0,0.00035109,3508.5,0.00012179,-203.13,8.6627e-05,-467.31,-0.00036175,-3836.2,0.012859
346,2.8015,3.3777,0,0.00028251,2823.2,9.0998e-05,-104.79,8.7407e-05,-131.77,-0.00028653,-2941.4,0.013168
347,4.7568,2.1422,0,0.00010665,1065.8,3.9812e-05,23.297,2.9341e-05,-55.376,-0.00010698,-1079.6,0.041188
348,5.1872,3.3364,0,0.00010247,1024,3.9379e-05,16.394,2.5581e-05,-87.28,-0.00010328,-1055.5,0.048956
349,4.1479,2.2551,0,0.00011876,1186.8,4.2456e-05,20.466,3.5481e-05,-31.937,-0.00011887,-1191.7,0.031222
350,4.0686,2.8621,0,0.00014817,1480.6,5.2585e-05,5.4084,4.305e-05,-66.232,-0.00014907,-1509.8,0.030219
351,4.5867,2.7973,0.05,1.0156e-06,10.149,7.7983e-07,5.8594,4.1432e-12,4.0063e-05,-7.7984e-07,-5.8594,0.038512
352,1.4767,4.757,0,0.00013921,1391.1,5.919e-05,219.19,4.328e-05,99.651,-0.0001334,-1227.8,0.0026528
353,1.1205,4.9587,0.05,7.1474e-06,71.425,5.4883e-06,41.237,-4.5921e-12,-5.4078e-05,-5.4883e-06,-41.237,0.0014557
354,1.1752,5.4794,0,0.00011394,1138.6,5.3797e-05,214.78,2.888e-05,27.566,-0.00010865,-1005.8,0.001375
355,0.56024,4.8794,0,0.0001021,1020.3,3.1386e-05,-321.08,7.1486e-06,-503.18,-0.0001149,-1420.2,0.0003706
356,1.7902,5.2294,0,0.00010867,1085.9,4.6927e-05,21.441,1.766e-05,-198.47,-0.00011,-1157.6,0.0033553
357,5.4438,1.6714,0,9.6477e-05,964.1,3.478e-05,18.244,2.8464e-05,-29.215,-9.6576e-05,-968.71,0.053166
358,4.9269,1.4872,0.05,5.4399e-07,5.4361,4.1771e-07,3.1385,3.1134e-12,2.5797e-05,-4.1772e-07,-3.1386,0.043678
359,4.9017,0.74358,0,9.6874e-05,968.07,3.3517e-05,22.883,3.144e-05,7.2815,-9.6351e-05,-952.89,0.042424
360,5.2505,4.3246,0,9.8582e-05,985.14,3.6518e-05,17.895,2.7281e-05,-51.508,-9.8971e-05,-1000.1,0.049742
361,4.7133,4.7736,0.05,2.4602e-06,24.585,1.8891e-06,14.194,-2.9252e-13,-9.4319e-06,-1.8891e-06,-14.194,0.039906
362,4.7949,5.3868,0,0.00010028,1002.1,3.4365e-05,16.403,3.2437e-05,1.9188,-9.996e-05,-992.86,0.040655
363,6.4611,1.8395,0,8.8591e-05,885.3,3.1819e-05,6.89,2.542e-05,-41.187,-8.9077e-05,-901.47,0.073137
364,5.8742,2.8656,0,9.2323e-05,922.59,3.4361e-05,11.445,2.4756e-05,-60.72,-9.2949e-05,-945.11,0.061805
365,5.9607,1.8556,0.05,5.5611e-07,5.5572,4.2702e-07,3.2085,-2.55e-12,-2.7182e-05,-4.2702e-07,-3.2085,0.063127
366,5.9811,0.92782,0,9.1033e-05,909.7,3.1356e-05,-1.6379,2.7644e-05,-29.531,-9.1531e-05,-924.97,0.062749
367,7.5196,1.6681,0,7.8195e-05,781.41,2.6656e-05,-4.0217,2.3983e-05,-24.102,-7.8654e-05,-795.28,0.095643
368,7.0401,2.8449,0,8.1655e-05,815.99,2.929e-05,5.5679,2.3423e-05,-38.513,-8.2126e-05,-831.57,0.085621
369,6.9615,1.8234,0.05,8.309e-07,8.3033,6.3803e-07,4.7939,-7.0838e-13,-1.1408e-05,-6.3803e-07,-4.7939,0.083576
370,7.0439,0.91172,0,8.3582e-05,835.24,2.8578e-05,-0.90409,2.5802e-05,-21.763,-8.3948e-05,-846.38,0.084597
371,8.6494,1.4825,0,6.8113e-05,680.66,2.2745e-05,-2.9412,2.1755e-05,-10.38,-6.8336e-05,-687.29,0.1216
372,8.0644,2.1362,0,7.3525e-05,734.74,2.4989e-05,1.368,2.3156e-05,-12.397,-7.3703e-05,-740.16,0.10823
373,8.0777,1.5127,0.05,1.162e-06,11.612,8.9229e-07,6.7043,-1.0598e-12,-6.4952e-06,-8.9229e-07,-6.7043,0.10818
374,8.1644,0.75637,0,7.3441e-05,733.91,2.444e-05,1.1143,2.3991e-05,-2.2593,-7.346e-05,-734.47,0.10953
375,9.7529,1.4729,0,5.9698e-05,596.57,2.0094e-05,2.4063,1.9254e-05,-3.905,-5.9721e-05,-597.29,0.14876
376,9.0684,2.2021,0,6.4777e-05,647.33,2.2394e-05,5.0113,2.0102e-05,-12.21,-6.4883e-05,-650.75,0.1321
377,9.221,1.4522,0.05,1.0764e-06,10.756,8.2651e-07,6.2101,-1.0238e-12,-6.41e-06,-8.2651e-07,-6.2101,0.13545
378,9.2986,0.7261,0,6.3487e-05,634.44,2.1504e-05,4.2562,2.0403e-05,-4.0202,-6.3479e-05,-634.28,0.13678
379,10.843,1.4925,0,5.108e-05,510.45,1.7312e-05,5.6301,1.66e-05,0.27878,-5.0978e-05,-507.48,0.17703
380,10.157,2.2439,0,5.5895e-05,558.56,1.8665e-05,0.010424,1.8075e-05,-4.4233,-5.5969e-05,-560.76,0.15944
381,10.285,1.4935,0.05,8.6312e-07,8.6253,6.6277e-07,4.9798,-9.0171e-13,-3.5634e-06,-6.6277e-07,-4.9798,0.16239
382,10.393,0.74675,0,5.4751e-05,547.13,1.86e-05,7.8977,1.789e-05,2.5582,-5.4571e-05,-541.89,0.16468
383,11.965,1.4789,0,4.2491e-05,424.62,1.4995e-05,10.52,1.3331e-05,-1.9824,-4.2332e-05,-420.21,0.20737
384,11.259,2.2464,0,4.7942e-05,479.09,1.6295e-05,7.6335,1.5719e-05,3.3059,-4.7755e-05,-473.61,0.18844
385,11.401,1.4916,0.05,9.4901e-07,9.4835,7.2872e-07,5.4753,-1.474e-13,5.543e-07,-7.2872e-07,-5.4753,0.19196
386,11.513,0.74578,0,4.589e-05,458.59,1.6058e-05,11.986,1.469e-05,1.7091,-4.5649e-05,-451.65,0.19456
387,13.114,1.4075,0,3.4933e-05,349.09,1.2793e-05,11.975,1.0459e-05,-5.5592,-3.4791e-05,-345.55,0.23951
388,12.323,2.2527,0,3.8509e-05,384.82,1.3505e-05,7.3989,1.203e-05,-3.6852,-3.8434e-05,-382.85,0.21756
389,12.529,1.4662,0.05,1.1449e-06,11.441,8.7911e-07,6.6053,-2.8074e-13,-9.0521e-07,-8.7911e-07,-6.6053,0.22304
390,12.64,0.7331,0,3.7758e-05,377.32,1.3897e-05,16.182,1.1486e-05,-1.932,-3.7483e-05,-369.87,0.22575
391,14.321,1.2749,0,2.8536e-05,285.16,1.0083e-05,7.6508,8.9841e-06,-0.60702,-2.8407e-05,-281.55,0.27424
392,13.685,1.938,0,3.2418e-05,323.96,1.1603e-05,9.9588,1.0069e-05,-1.5653,-3.226e-05,-319.61,0.25605
393,13.698,1.3488,0.05,7.4564e-07,7.4512,5.7256e-07,4.302,-9.7546e-14,4.3293e-06,-5.7256e-07,-4.302,0.25621
394,13.787,0.67439,0,3.1469e-05,314.47,1.162e-05,14.758,9.6253e-06,-0.2324,-3.1195e-05,-306.94,0.25845
395,15.521,1.1944,0,2.2281e-05,222.65,7.7358e-06,5.5407,7.2103e-06,1.5921,-2.2157e-05,-219.06,0.30962
396,14.933,1.8043,0,2.4984e-05,249.67,8.9229e-06,7.2949,7.7577e-06,-1.4605,-2.4874e-05,-246.64,0.29236
397,14.943,1.2011,0.05,6.218e-07,6.2138,4.7747e-07,3.5875,1.421e-13,1.7922e-06,-4.7747e-07,-3.5875,0.29248
398,14.972,0.60056,0,2.5308e-05,252.91,8.8306e-06,7.4275,8.2203e-06,2.8422,-2.5131e-05,-247.74,0.29308
399,16.67,1.1862,0,1.6682e-05,166.71,6.1534e-06,7.5038,5.0849e-06,-0.52438,-1.6549e-05,-163.07,0.34412
400,16.102,1.7718,0,1.9175e-05,191.62,7.1139e-06,9.1246,5.8195e-06,-0.60155,-1.9012e-05,-187.17,0.32715
401,16.099,1.1876,0.05,5.879e-07,5.8749,4.5143e-07,3.3919,9.4945e-14,2.0976e-06,-4.5143e-07,-3.3919,0.3269
402,16.112,0.59381,0,1.9011e-05,189.98,6.9643e-06,7.3869,5.77e-06,-1.5864,-1.8897e-05,-186.92,0.3271
403,17.804,1.1855,0,1.2179e-05,121.7,4.7666e-06,8.7588,3.535e-06,-0.49498,-1.2012e-05,-117.31,0.37858
404,17.243,1.7768,0,1.4249e-05,142.39,5.5372e-06,9.553,4.1415e-06,-0.93389,-1.4074e-05,-137.8,0.36162
405,17.242,1.1848,0.05,3.1798e-07,3.1776,2.4417e-07,1.8346,6.8381e-14,1.5731e-06,-2.4417e-07,-1.8346,0.36144
406,17.246,0.59242,0,1.4193e-05,141.83,5.4692e-06,9.5244,4.2078e-06,0.046396,-1.4006e-05,-136.8,0.36141
407,18.926,1.1855,0,8.4815e-06,84.757,3.5747e-06,9.0483,2.2802e-06,-0.67816,-8.2971e-06,-80.152,0.41297
408,18.367,1.7782,0,1.0159e-05,101.52,4.2079e-06,9.8792,2.7746e-06,-0.89026,-9.9632e-06,-96.597,0.39592
409,18.366,1.1861,0.05,2.782e-07,2.7801,2.1362e-07,1.6051,1.4352e-13,2.0867e-06,-2.1362e-07,-1.6051,0.39578
410,18.371,0.59307,0,1.011e-05,101.03,4.1476e-06,9.746,2.8257e-06,-0.18622,-9.9102e-06,-95.879,0.39579
411,20.051,1.1834,0,5.5191e-06,55.153,2.5722e-06,8.8802,1.3122e-06,-0.58696,-5.3167e-06,-50.394,0.44764
412,19.486,1.7783,0,6.8366e-06,68.319,3.1014e-06,9.8063,1.6701e-06,-0.9478,-6.6221e-06,-63.252,0.4303
413,19.486,1.1848,0.05,2.2345e-07,2.233,1.7158e-07,1.2892,1.7776e-13,3.072e-06,-1.7158e-07,-1.2892,0.4302
414,19.493,0.5924,0,6.7711e-06,67.664,3.0386e-06,9.7788,1.7236e-06,-0.1016,-6.5521e-06,-62.282,0.43032
415,21.176,1.189,0,3.2798e-06,32.775,1.7957e-06,8.5825,5.7718e-07,-0.57295,-3.0461e-06,-27.797,0.48248
416,20.611,1.7853,0,4.261e-06,42.581,2.221e-06,9.627,8.2458e-07,-0.86524,-4.0138e-06,-37.219,0.46505
417,20.616,1.182,0.05,1.7212e-07,1.72,1.3217e-07,0.99306,2.2737e-13,2.7487e-06,-1.3217e-07,-0.99306,0.46511
418,20.62,0.59099,0,4.1521e-06,41.492,2.1237e-06,9.287,8.7702e-07,-0.080182,-3.9153e-06,-36.088,0.46518
419,22.304,1.1961,0,1.7845e-06,17.832,1.2409e-06,8.1098,8.1876e-08,-0.59869,-1.4892e-06,-12.403,0.51743
420,21.73,1.7983,0,2.4412e-06,24.395,1.5875e-06,9.5065,2.0244e-07,-0.90062,-2.122e-06,-18.366,0.4997
421,21.737,1.196,0.05,1.2025e-07,1.2017,9.2337e-08,0.69378,1.8495e-13,3.2677e-06,-9.2337e-08,-0.69378,0.49985
422,21.744,0.59798,0,2.2564e-06,22.548,1.4344e-06,8.7034,2.579e-07,-0.13606,-1.9766e-06,-16.925,0.49999
423,22.866,1.7955,0,1.3928e-06,13.919,1.1692e-06,9.1658,-1.7259e-07,-0.91588,-9.4438e-07,-6.7148,0.53492
424,22.87,1.1962,0.05,7.7304e-08,0.77251,5.936e-08,0.44601,2.057e-13,3.3505e-06,-5.936e-08,-0.44601,0.535
425,22.873,0.59809,0,1.0997e-06,10.989,9.2364e-07,7.5071,-9.3309e-08,-0.13389,-7.5255e-07,-5.0872,0.53502
426,23.435,1.1981,0,1.0262e-06,10.255,8.9098e-07,7.2819,-1.5849e-07,-0.60333,-6.5193e-07,-4.3109,0.55254
427,22.861,2.9991,0,1.5741e-06,15.73,1.3495e-06,10.74,-2.458e-07,-1.2458,-1.0212e-06,-7.0721,0.53486
428,22.292,2.3977,0,2.068e-06,20.665,1.5578e-06,10.878,-5.3157e-08,-1.2263,-1.618e-06,-12.984,0.51717
429,22.861,2.3948,0.05,7.4493e-08,0.74441,5.7201e-08,0.42979,1.8527e-13,3.224e-06,-5.7201e-08,-0.42978,0.53483
430,23.431,2.3974,0,1.4113e-06,14.103,1.2628e-06,10.504,-3.074e-07,-1.2939,-8.1612e-07,-5.1162,0.55249
431,22.864,4.201,0,1.3944e-06,13.934,1.1701e-06,9.1644,-1.7302e-07,-0.92696,-9.4588e-07,-6.734,0.53499
432,22.29,3.6007,0,2.07e-06,20.686,1.5564e-06,10.843,-5.0547e-08,-1.2309,-1.6226e-06,-13.043,0.51717
433,22.861,3.6034,0.05,7.5808e-08,0.75756,5.8211e-08,0.43738,1.913e-13,3.3014e-06,-5.8211e-08,-0.43738,0.53488
434,23.431,3.6017,0,1.4116e-06,14.107,1.2631e-06,10.505,-3.077e-07,-1.2974,-8.1628e-07,-5.1186,0.55255
435,22.301,4.7979,0,1.7903e-06,17.89,1.2409e-06,8.0812,8.6027e-08,-0.59628,-1.4974e-06,-12.493,0.51752
436,22.867,4.7986,0.05,7.9357e-08,0.79303,6.0937e-08,0.45786,2.217e-13,3.3303e-06,-6.0937e-08,-0.45785,0.53509
437,23.434,4.7993,0,1.0272e-06,10.265,8.9096e-07,7.2714,-1.5793e-07,-0.60952,-6.539e-07,-4.3361,0.55267
438,22.871,5.3993,0,1.1004e-06,10.996,9.2479e-07,7.5128,-9.5346e-08,-0.15209,-7.5206e-07,-5.0864,0.53521
439,21.168,4.7987,0,3.2974e-06,32.952,1.7999e-06,8.5445,5.8304e-07,-0.59822,-3.0656e-06,-28.013,0.48239
440,21.727,4.1976,0,2.4489e-06,24.473,1.5856e-06,9.4471,2.0971e-07,-0.89117,-2.1336e-06,-18.498,0.49972
441,21.735,4.7971,0.05,1.2279e-07,1.227,9.4284e-08,0.70842,2.1176e-13,3.2073e-06,-9.4284e-08,-0.70841,0.49995
442,21.742,5.3986,0,2.2611e-06,22.596,1.4336e-06,8.6787,2.6259e-07,-0.11961,-1.9831e-06,-16.993,0.50018
443,20.038,4.7893,0,5.5554e-06,55.516,2.5814e-06,8.8438,1.3261e-06,-0.58825,-5.3545e-06,-50.784,0.44743
444,20.597,4.1939,0,4.2853e-06,42.824,2.2298e-06,9.5778,8.2645e-07,-0.96652,-4.0403e-06,-37.533,0.46471
445,20.601,4.8003,0.05,1.7783e-07,1.777,1.3655e-07,1.026,1.8815e-13,3.1224e-06,-1.3655e-07,-1.026,0.46483
446,20.613,5.4002,0,4.1739e-06,41.71,2.142e-06,9.4232,8.7615e-07,-0.087863,-3.9329e-06,-36.221,0.46518
447,18.913,4.7582,0,8.5356e-06,85.297,3.6018e-06,9.211,2.297e-06,-0.59276,-8.3466e-06,-80.564,0.41276
448,19.478,4.1768,0,6.8777e-06,68.729,3.1048e-06,9.7303,1.6958e-06,-0.85593,-6.6652e-06,-63.678,0.43017
449,19.475,4.7782,0.05,2.2742e-07,2.2726,1.7463e-07,1.3121,1.3581e-13,2.6273e-06,-1.7463e-07,-1.3121,0.43005
450,19.488,5.3891,0,6.8097e-06,68.05,3.0709e-06,10.035,1.7249e-06,-0.078403,-6.5837e-06,-62.506,0.43039
451,17.798,4.7563,0,1.2215e-05,122.06,4.8248e-06,9.3233,3.5177e-06,-0.49784,-1.2035e-05,-117.35,0.37857
452,18.354,4.1442,0,1.0198e-05,101.91,4.2396e-06,10.094,2.774e-06,-0.91805,-9.9976e-06,-96.879,0.39564
453,18.352,4.7382,0.05,2.8485e-07,2.8465,2.1873e-07,1.6434,6.3072e-14,1.5113e-06,-2.1873e-07,-1.6434,0.39551
454,18.363,5.3691,0,1.0122e-05,101.15,4.1914e-06,10.315,2.8117e-06,-0.05177,-9.9071e-06,-95.616,0.3958
455,16.686,4.7746,0,1.66e-05,165.88,6.2417e-06,9.2344,5.0167e-06,0.029852,-1.6423e-05,-161.06,0.34479
456,17.246,4.1595,0,1.4248e-05,142.38,5.589e-06,10.117,4.1008e-06,-1.0646,-1.4061e-05,-137.52,0.36184
457,17.244,4.7745,0.05,3.1519e-07,3.1498,2.4203e-07,1.8185,-5.0427e-14,1.0221e-07,-2.4203e-07,-1.8185,0.36169
458,17.247,5.3872,0,1.4203e-05,141.93,5.5272e-06,10.225,4.1799e-06,0.10146,-1.4e-05,-136.49,0.36168
459,15.578,4.7843,0,2.1753e-05,217.38,7.9119e-06,9.2869,6.7794e-06,0.77766,-2.1569e-05,-212.22,0.3115
460,16.128,4.1641,0,1.9037e-05,190.24,7.2138e-06,11.348,5.726e-06,0.16982,-1.8816e-05,-184.23,0.32807
461,16.129,4.7747,0.05,4.471e-07,4.4679,3.4332e-07,2.5795,-9.4277e-14,-3.1594e-07,-3.4332e-07,-2.5795,0.32799
462,16.127,5.3873,0,1.893e-05,189.17,7.0996e-06,9.9505,5.6987e-06,-0.57496,-1.8749e-05,-184.26,0.32779
463,14.484,4.8274,0,2.757e-05,275.51,9.9213e-06,10.396,8.6487e-06,0.83489,-2.7366e-05,-269.77,0.27915
464,15.008,4.1876,0,2.4328e-05,243.11,9.0962e-06,11.193,7.2226e-06,-2.8844,-2.4156e-05,-238.65,0.29472
465,15.027,4.794,0.05,7.2821e-07,7.2771,5.5917e-07,4.2014,-2.3694e-13,-2.3696e-07,-5.5917e-07,-4.2014,0.29514
466,15.014,5.397,0,2.4591e-05,245.74,8.7864e-06,8.8295,7.7822e-06,1.2839,-2.4411e-05,-240.6,0.29455
467,13.382,4.8575,0,3.3208e-05,331.85,1.2063e-05,10.6,1.0042e-05,-4.5893,-3.308e-05,-328.59,0.24721
468,13.91,4.2634,0,3.0408e-05,303.87,1.0714e-05,9.7669,9.7767e-06,2.7268,-3.0189e-05,-297.56,0.26257
469,13.942,4.8608,0.05,6.8691e-07,6.8644,5.2746e-07,3.9631,1.7053e-13,1.374e-06,-5.2746e-07,-3.9631,0.26331
470,13.909,5.4304,0,3.0472e-05,304.51,1.0849e-05,9.4623,9.5726e-06,-0.12696,-3.0301e-05,-299.73,0.26212
471,12.315,4.7416,0,4.0044e-05,400.16,1.4283e-05,8.8231,1.2198e-05,-6.84,-3.9987e-05,-398.94,0.21709
472,12.903,4.3592,0,3.6977e-05,369.52,1.4268e-05,23.472,1.0803e-05,-2.5642,-3.6553e-05,-358.38,0.23373
473,12.823,4.8543,0.05,9.8454e-07,9.8386,7.56e-07,5.6803,1.7698e-13,6.4266e-07,-7.56e-07,-5.6803,0.2313
474,12.787,5.4272,0,3.7066e-05,370.4,1.3176e-05,9.8472,1.1525e-05,-2.5607,-3.6926e-05,-366.6,0.22998
475,11.29,4.576,0,4.8186e-05,481.53,1.6291e-05,3.647,1.5577e-05,-1.7182,-4.8151e-05,-480.55,0.18905
476,11.962,3.8341,0,4.1666e-05,416.37,1.4386e-05,5.8378,1.3205e-05,-3.0346,-4.1611e-05,-414.9,0.2076
477,11.807,4.6289,0.05,8.6971e-07,8.6911,6.6783e-07,5.0178,1.8105e-13,3.9501e-07,-6.6783e-07,-5.0178,0.20308
478,11.716,5.3145,0,4.499e-05,449.59,1.5323e-05,5.2251,1.4519e-05,-0.81545,-4.4912e-05,-447.35,0.20022
479,10.24,4.4715,0,5.605e-05,560.12,1.8662e-05,-1.6595,1.8065e-05,-6.1389,-5.6182e-05,-564,0.16136
480,10.945,3.7621,0,5.0523e-05,504.88,1.6844e-05,3.3288,1.6689e-05,2.1631,-5.043e-05,-502.14,0.1801
481,10.773,4.5231,0.05,2.3725e-07,2.3709,1.8218e-07,1.3688,4.5572e-13,1.6936e-06,-1.8218e-07,-1.3688,0.17527
482,10.637,5.2615,0,5.2787e-05,527.5,1.7547e-05,-3.5247,1.6881e-05,-8.5316,-5.299e-05,-533.51,0.17123
483,9.0918,4.4345,0,6.553e-05,654.84,2.2e-05,0.22999,2.101e-05,-7.2093,-6.5645e-05,-658.3,0.13246
484,9.8683,3.7071,0,5.8303e-05,582.63,1.9074e-05,-5.909,1.898e-05,-6.6187,-5.8516e-05,-588.89,0.15212
485,9.7071,4.4199,0.05,1.2743e-07,1.2734,9.785e-08,0.73521,-5.2367e-13,-3.6117e-06,-9.785e-08,-0.7352,0.14776
486,9.5416,5.21,0,6.2371e-05,623.28,2.135e-05,0.080895,1.9283e-05,-15.447,-6.2618e-05,-630.82,0.14307
487,7.7977,4.1577,0,7.4958e-05,749.06,2.6419e-05,6.9614,2.2495e-05,-22.518,-7.5179e-05,-756.4,0.10209
488,8.6962,3.7006,0,6.8277e-05,682.29,2.3667e-05,7.0737,2.1245e-05,-11.127,-6.8327e-05,-684.14,0.12318
489,8.4766,4.4491,0.05,1.1097e-06,11.089,8.521e-07,6.4024,-1.3261e-13,-8.9483e-07,-8.521e-07,-6.4024,0.11764
490,8.3639,5.2245,0,7.161e-05,715.6,2.3894e-05,-4.3338,2.2789e-05,-12.633,-7.1895e-05,-724.05,0.11442
491,6.4533,3.8709,0,8.5391e-05,853.32,3.1829e-05,10.106,2.2764e-05,-58.01,-8.6001e-05,-875.23,0.073212
492,7.5849,3.313,0,7.6915e-05,768.61,2.7262e-05,8.2492,2.2918e-05,-24.39,-7.7137e-05,-776.17,0.097549
493,7.1188,3.8663,0.05,1.6189e-06,16.178,1.2431e-06,9.3404,1.8316e-13,-7.2263e-06,-1.2431e-06,-9.3404,0.087191
494,7.1226,4.9331,0,8.003e-05,799.75,2.8177e-05,0.70541,2.3441e-05,-34.879,-8.0552e-05,-816.24,0.086647
495,5.7878,3.8755,0.05,2.9357e-07,2.9337,2.2543e-07,1.6937,-3.4806e-12,-4.6988e-05,-2.2543e-07,-1.6938,0.060004
496,5.8946,4.9378,0,9.1657e-05,915.93,3.2375e-05,-0.63675,2.6529e-05,-44.562,-9.2346e-05,-937.74,0.061406
497,21.721,2.9993,0,2.5743e-06,25.725,1.7371e-06,10.773,1.4345e-07,-1.2013,-2.1931e-06,-18.757,0.49951
498,21.165,2.3946,0,3.4738e-06,34.714,2.0679e-06,10.964,4.4891e-07,-1.1999,-3.1438e-06,-28.194,0.48224
499,21.723,2.4006,0.05,1.2093e-07,1.2085,9.2859e-08,0.69771,1.697e-13,2.7401e-06,-9.2859e-08,-0.69771,0.49953
500,21.156,3.5928,0,3.4884e-06,34.86,2.07e-06,10.889,4.5224e-07,-1.2661,-3.1618e-06,-28.421,0.48201
501,21.72,3.5981,0.05,1.2093e-07,1.2085,9.2858e-08,0.6977,1.7415e-13,2.9546e-06,-9.2858e-08,-0.6977,0.49948
502,8.4834,2.8559,0,7.0221e-05,701.73,2.4534e-05,8.5385,2.1635e-05,-13.247,-7.0276e-05,-703.83,0.11818
503,8.051,2.7597,0.05,2.7897e-06,27.878,2.1422e-06,16.095,-1.3751e-12,-1.3896e-05,-2.1422e-06,-16.095,0.10809
504,9.4726,2.9732,0,6.1043e-05,610.01,2.075e-05,0.99968,1.9206e-05,-10.604,-6.1198e-05,-614.73,0.14223
505,8.9158,2.9521,0.05,1.2187e-07,1.2178,9.358e-08,0.70312,-2.6791e-12,-3.0127e-05,-9.3579e-08,-0.70312,0.12853
506,10.573,2.9977,0,5.2844e-05,528.08,1.7728e-05,2.6212,1.7189e-05,-1.4248,-5.2822e-05,-527.47,0.17037
507,10.03,2.9943,0.05,2.8453e-07,2.8434,2.1848e-07,1.6416,7.8773e-13,4.92e-06,-2.1849e-07,-1.6416,0.15629
508,11.616,3.0202,0,4.4057e-05,440.27,1.4896e-05,5.2006,1.4411e-05,1.5551,-4.3941e-05,-436.88,0.19823
509,11.116,3.0012,0.05,5.0525e-07,5.049,3.8797e-07,2.9151,5.8586e-13,3.0349e-06,-3.8797e-07,-2.9151,0.18474
510,12.894,2.7832,0,3.6145e-05,361.2,1.2413e-05,6.1238,1.1667e-05,0.51718,-3.6029e-05,-357.85,0.23366
511,12.549,3.4516,0,3.8542e-05,385.16,1.4318e-05,20.094,1.1828e-05,1.381,-3.8143e-05,-374.08,0.22397
512,12.116,3.0392,0.05,1.1967e-06,11.959,9.1893e-07,6.9044,3.5803e-13,2.4369e-06,-9.1893e-07,-6.9044,0.21194
513,14.297,2.4674,0,2.8959e-05,289.39,1.0447e-05,9.6363,8.9202e-06,-1.8332,-2.8809e-05,-285.31,0.27388
514,13.775,3.0967,0,3.1844e-05,318.22,1.095e-05,8.1968,1.0511e-05,4.8935,-3.162e-05,-311.66,0.25881
515,13.672,2.5272,0.05,8.2672e-07,8.2615,6.3482e-07,4.7698,-3.8836e-13,2.5601e-07,-6.3482e-07,-4.7698,0.25579
516,15.513,2.3817,0,2.1953e-05,219.38,8.3595e-06,11.318,6.3644e-06,-3.6721,-2.1785e-05,-215.17,0.30969
517,14.956,2.9944,0,2.441e-05,243.94,9.3691e-06,11.884,6.8781e-06,-6.8321,-2.427e-05,-240.87,0.29325
518,14.922,2.4076,0.05,3.3707e-07,3.3684,2.5883e-07,1.9447,4.3372e-13,5.2957e-06,-2.5883e-07,-1.9447,0.29218
519,16.675,2.3623,0,1.6799e-05,167.88,6.5465e-06,11.54,4.8759e-06,-1.0117,-1.6585e-05,-162.26,0.3445
520,16.116,2.9548,0,1.9164e-05,191.51,7.38e-06,12.623,5.6684e-06,-0.2366,-1.8921e-05,-184.99,0.32776
521,16.105,2.3559,0.05,5.0004e-07,4.9969,3.8397e-07,2.885,-1.6282e-13,-2.5297e-07,-3.8397e-07,-2.885,0.32735
522,17.806,2.3695,0,1.2292e-05,122.84,5.0331e-06,11.083,3.3803e-06,-1.335,-1.2079e-05,-117.49,0.37885
523,17.247,2.9566,0,1.4289e-05,142.79,5.6976e-06,10.922,4.0202e-06,-1.6811,-1.409e-05,-137.76,0.36187
524,17.245,2.3687,0.05,3.2264e-07,3.2242,2.4775e-07,1.8615,-1.3959e-15,1.0098e-06,-2.4775e-07,-1.8615,0.36175
525,18.927,2.3711,0,8.5834e-06,85.775,3.7957e-06,11.097,2.1636e-06,-1.166,-8.3484e-06,-80.15,0.41317
526,18.363,2.9603,0,1.0224e-05,102.17,4.3296e-06,10.976,2.7175e-06,-1.1368,-1.0003e-05,-96.713,0.3959
527,18.368,2.3704,0.05,3.0746e-07,3.0725,2.3609e-07,1.7739,1.7317e-13,2.0052e-06,-2.3609e-07,-1.7739,0.39602
528,20.047,2.3803,0,5.6464e-06,56.425,2.8113e-06,11.012,1.1817e-06,-1.2324,-5.3794e-06,-50.529,0.44766
529,19.484,2.9737,0,6.91e-06,69.053,3.2151e-06,10.782,1.6194e-06,-1.2072,-6.6686e-06,-63.48,0.43033
530,19.486,2.3719,0.05,2.2756e-07,2.2741,1.7474e-07,1.3129,1.4025e-13,2.8696e-06,-1.7474e-07,-1.3129,0.43037
531,20.6,2.9881,0,4.3579e-06,43.549,2.3574e-06,10.755,7.5866e-07,-1.2574,-4.0702e-06,-37.539,0.46478
532,20.607,2.3887,0.05,1.7095e-07,1.7083,1.3127e-07,0.9863,1.6613e-13,2.5892e-06,-1.3127e-07,-0.98629,0.46498
533,20.036,3.5815,0,5.6739e-06,56.7,2.8135e-06,10.918,1.1954e-06,-1.2399,-5.4106e-06,-50.875,0.4474
534,20.592,3.5875,0.05,1.737e-07,1.7358,1.3338e-07,1.0022,1.7207e-13,2.7795e-06,-1.3338e-07,-1.0021,0.46456
535,18.919,3.5629,0,8.6153e-06,86.094,3.8076e-06,11.101,2.1723e-06,-1.1858,-8.3806e-06,-80.476,0.41298
536,19.481,3.5754,0.05,2.3286e-07,2.327,1.7881e-07,1.3435,1.6831e-13,2.6849e-06,-1.7881e-07,-1.3435,0.43026
537,17.803,3.5474,0,1.2304e-05,122.96,5.0668e-06,11.361,3.3567e-06,-1.4886,-1.2086e-05,-117.52,0.37881
538,18.357,3.5503,0.05,3.1554e-07,3.1532,2.423e-07,1.8205,2.2574e-13,1.9876e-06,-2.423e-07,-1.8205,0.39574
539,16.688,3.5491,0,1.6756e-05,167.45,6.6214e-06,12.684,4.8105e-06,-0.92246,-1.6515e-05,-161.15,0.34497
540,17.249,3.5446,0.05,3.174e-07,3.1718,2.4372e-07,1.8312,-5.7665e-14,5.8546e-07,-2.4372e-07,-1.8312,0.36194
541,15.559,3.5674,0,2.1704e-05,216.89,8.4708e-06,13.8,6.1704e-06,-3.484,-2.1476e-05,-211.21,0.3111
542,16.128,3.5536,0.05,4.2072e-07,4.2043,3.2306e-07,2.4273,-2.4352e-13,-1.5522e-06,-3.2306e-07,-2.4273,0.3281
543,14.434,3.6237,0,2.7276e-05,272.57,9.9231e-06,10.823,8.4198e-06,-0.47244,-2.7083e-05,-267.22,0.27792
544,14.99,3.5813,0.05,8.3051e-08,0.82994,6.3773e-08,0.47917,-4.6671e-13,-2.8108e-06,-6.3773e-08,-0.47916,0.29424
545,13.43,3.7651,0,3.423e-05,342.06,1.2973e-05,23.047,1.0541e-05,4.7754,-3.372e-05,-327.78,0.24886
546,13.878,3.6661,0.05,4.7392e-07,4.736,3.6391e-07,2.7343,-2.8223e-13,-1.1855e-06,-3.6391e-07,-2.7343,0.26175
547,12.982,3.864,0.05,2.0035e-06,20.022,1.5385e-06,11.559,2.2594e-13,2.3892e-06,-1.5385e-06,-11.559,0.23609
548,3.3645,4.4635,0,0.00012427,1241.8,4.8621e-05,80.449,3.525e-05,-20.022,-0.00012293,-1208.6,0.019142
549,3.5165,4.6605,0.05,5.2045e-06,52.009,3.9964e-06,30.027,3.2317e-12,2.5094e-05,-3.9964e-06,-30.027,0.021065
550,3.0716,4.8303,0,0.00010427,1041.9,3.6195e-05,-48.939,2.6759e-05,-119.84,-0.00010696,-1124.5,0.014511
551,3.5027,3.274,0,0.00016649,1663.7,5.6325e-05,-51.183,4.7847e-05,-114.88,-0.00016922,-1745.9,0.021944
552,3.3337,3.9437,0,0.00014894,1488.3,5.5554e-05,9.9371,3.8904e-05,-115.17,-0.00015033,-1537,0.019245
553,3.4548,3.621,0.05,1.6256e-05,162.44,1.2482e-05,93.787,8.3652e-12,5.3177e-05,-1.2482e-05,-93.787,0.021141
554,3.0407,3.8105,0,0.00026714,2669.6,9.1755e-05,-164.15,6.6638e-05,-352.87,-0.00027544,-2923.1,0.015547
555,1.0976,1.7357,0.05,7.8419e-06,78.365,6.0216e-06,45.244,8.7083e-13,2.3225e-06,-6.0216e-06,-45.244,0.0015597
556,0.5488,2.0678,0,0.00011948,1194,4.1441e-05,-302.1,6.4756e-06,-564.81,-0.00013204,-1605.5,0.00040244
557,1.7788,1.3678,0,0.00014657,1464.7,6.694e-05,0.91284,1.3394e-05,-401.41,-0.00014918,-1622.9,0.0037932
558,1.7088,3.0271,0,0.00018785,1877.2,7.3781e-05,-77.818,3.3345e-05,-381.64,-0.00019381,-2088.4,0.0044366
559,1.4806,2.9162,0.05,7.0561e-06,70.512,5.4182e-06,40.71,1.0857e-11,0.00012864,-5.4182e-06,-40.71,0.0032577
560,1.9703,2.4581,0,0.00030994,3097.3,0.00010716,-365.71,5.922e-05,-725.92,-0.00032694,-3627.4,0.0058071
561,2.3302,2.7735,0,0.00028694,2867.4,0.00013007,384.38,6.7584e-05,-85.092,-0.00027895,-2688.8,0.0086773
562,2.4478,2.7669,0.05,1.5681e-05,156.7,1.2041e-05,90.469,-2.0767e-11,-0.00022664,-1.2041e-05,-90.469,0.0096904
563,2.5372,2.3834,0,0.00038931,3890.4,0.00013178,-240.07,0.00010047,-475.28,-0.00040094,-4242.7,0.01011
564,1.8025,4.2192,0,0.00017176,1716.5,6.5846e-05,73.062,4.7536e-05,-64.516,-0.0001712,-1708,0.0043952
565,1.8329,4.5553,0.05,1.4742e-05,147.31,1.132e-05,85.052,-1.2665e-11,-0.00014086,-1.132e-05,-85.052,0.0042257
566,2.1465,4.5277,0,0.00020411,2039.6,0.00011902,663.03,3.4035e-05,24.483,-0.00018476,-1619.5,0.0058114
567,2.1465,4.7777,0,9.9891e-05,998.22,3.6577e-05,87.07,3.4822e-05,73.883,-9.7146e-05,-917.68,0.0054001
568,3.7092,1.7128,0.05,7.0745e-06,70.696,5.4323e-06,40.816,1.8222e-12,2.9332e-05,-5.4323e-06,-40.816,0.024103
569,3.1679,1.3564,0,0.00011763,1175.5,4.0148e-05,-66.4,3.0354e-05,-139.99,-0.00012097,-1277,0.015857
570,3.5505,2.927,0.05,1.7492e-05,174.8,1.3432e-05,100.92,3.6652e-12,5.6261e-05,-1.3432e-05,-100.92,0.022599
571,3.2125,4.2665,0.05,1.7646e-05,176.34,1.355e-05,101.81,-1.2343e-11,-0.00012363,-1.355e-05,-101.81,0.017249
572,2.9196,4.3832,0,0.0002054,2052.6,8.6859e-05,247.83,5.7467e-05,26.993,-0.00019983,-1906.3,0.013241
573,1.8546,3.5106,0,0.00019582,1956.8,7.6055e-05,-94.805,3.5043e-05,-402.95,-0.00020246,-2187.4,0.0051677
574,1.7722,3.8831,0.05,9.0321e-06,90.259,6.9355e-06,52.111,7.5469e-12,2.8277e-05,-6.9355e-06,-52.111,0.0044872
575,2.1161,3.9416,0,0.00029204,2918.4,9.8325e-05,-178.13,7.6491e-05,-342.18,-0.00030055,-3175.1,0.0064726
576,2.0748,2.959,0,0.00025254,2523.7,8.5374e-05,-17.603,7.8258e-05,-71.075,-0.00025401,-2567.6,0.0067429
577,1.9371,3.138,0.05,2.0421e-05,204.07,1.5681e-05,117.82,2.1724e-11,0.00024748,-1.5681e-05,-117.82,0.0057865
578,2.2126,2.78,0.05,2.4275e-05,242.59,1.8641e-05,140.06,1.7003e-11,0.00021927,-1.8641e-05,-140.06,0.0077009
579,2.3363,2.39,0,0.00037307,3728.1,0.0001209,-289.39,0.00010018,-445.09,-0.00038532,-4092.9,0.0083416
580,2.0748,2.959,0.1,0.00025254,2523.7,0.00025401,2567.6,-7.8258e-05,71.075,-8.5374e-05,17.603,0.0067429
581,2.3302,2.7735,0.1,0.00028694,2867.4,0.00027895,2688.8,-6.7584e-05,85.091,-0.00013007,-384.38,0.0086773
582,2.3363,2.39,0.1,0.00037307,3728.1,0.00038532,4092.9,-0.00010018,445.09,-0.0001209,289.39,0.0083416
583,1.8546,3.5106,0.1,0.00019582,1956.8,0.00020246,2187.4,-3.5043e-05,402.95,-7.6055e-05,94.805,0.0051677
584,1.7088,3.0271,0.1,0.00018785,1877.2,0.00019381,2088.4,-3.3345e-05,381.64,-7.3781e-05,77.818,0.0044366
585,2.2475,3.1324,0.1,0.00023452,2343.6,0.00023591,2391.6,-6.5485e-05,127.01,-8.5541e-05,-23.692,0.0080432
586,1.8025,4.2192,0.1,0.00017176,1716.5,0.0001712,1708,-4.7536e-05,64.516,-6.5846e-05,-73.062,0.0043952
587,1.3829,3.8666,0.1,0.00017749,1773.7,0.0001761,1818.1,-2.3969e-05,314.88,-8.4258e-05,-138.11,0.002683
588,2.1161,3.9416,0.1,0.00029204,2918.4,0.00030055,3175.1,-7.6491e-05,342.18,-9.8325e-05,178.13,0.0064726
589,3.3337,3.9437,0.1,0.00014894,1488.3,0.00015033,1537,-3.8904e-05,115.17,-5.5554e-05,-9.9371,0.019245
590,3.3645,4.4635,0.1,0.00012427,1241.8,0.00012293,1208.6,-3.525e-05,20.022,-4.8621e-05,-80.449,0.019142
591,2.9196,4.3832,0.1,0.0002054,2052.6,0.00019983,1906.3,-5.7467e-05,-26.993,-8.6859e-05,-247.83,0.013241
592,3.5027,3.274,0.1,0.00016649,1663.7,0.00016922,1745.9,-4.7847e-05,114.88,-5.6325e-05,51.183,0.021944
593,4.0686,2.8621,0.1,0.00014817,1480.6,0.00014907,1509.8,-4.305e-05,66.232,-5.2585e-05,-5.4084,0.030219
594,3.2634,2.8412,0.1,0.00018931,1891.8,0.00018582,1805.5,-5.1238e-05,24.34,-7.8456e-05,-180.17,0.018748
595,3.442,2.5323,0.1,0.00016878,1686.7,0.0001688,1688.8,-5.1463e-05,33.791,-5.968e-05,-27.949,0.020976
596,4.1479,2.2551,0.1,0.00011876,1186.8,0.00011887,1191.7,-3.5481e-05,31.937,-4.2456e-05,-20.466,0.031222
597,3.7795,1.3398,0.1,0.00011126,1111.8,0.00011006,1078.1,-3.4539e-05,-8.3353,-4.1075e-05,-57.444,0.024752
598,3.5213,1.9252,0.1,0.00014297,1428.7,0.00014179,1394.6,-4.5884e-05,-15.458,-5.0747e-05,-51.996,0.021612
599,3.1679,1.3564,0.1,0.00011763,1175.5,0.00012097,1277,-3.0354e-05,139.99,-4.0148e-05,66.4,0.015857
600,1.4767,4.757,0.1,0.00013921,1391.1,0.0001334,1227.8,-4.328e-05,-99.651,-5.919e-05,-219.19,0.0026528
601,2.1465,4.5277,0.1,0.00020411,2039.6,0.00018476,1619.5,-3.4035e-05,-24.483,-0.00011902,-663.03,0.0058114
602,2.1465,4.7777,0.1,9.9891e-05,998.22,9.7146e-05,917.68,-3.4822e-05,-73.883,-3.6577e-05,-87.07,0.0054001
603,2.5029,2.9469,0.1,0.00026658,2663.9,0.0002597,2504.1,-6.5809e-05,58.383,-0.00011808,-334.37,0.010273
604,2.5372,2.3834,0.1,0.00038931,3890.4,0.00040094,4242.7,-0.00010047,475.28,-0.00013178,240.07,0.01011
605,1.2371,3.3831,0.1,0.00016473,1646.2,0.00016233,1680.6,-1.7405e-05,330.13,-8.1724e-05,-153.14,0.002205
606,1.3488,2.6698,0.1,0.00016066,1605.5,0.00015988,1639.8,-2.6346e-05,240.57,-7.3404e-05,-113.01,0.002686
607,1.9703,2.4581,0.1,0.00030994,3097.3,0.00032694,3627.4,-5.922e-05,725.92,-0.00010716,365.71,0.0058071
608,1.1573,2.0796,0.1,0.00015761,1575.1,0.00014846,1415.1,-2.1634e-05,137.12,-8.5733e-05,-344.49,0.0018486
609,1.1001,1.3038,0.1,0.00013411,1340.1,0.0001259,1203.1,-1.6507e-05,133.03,-7.4148e-05,-300.07,0.0014414
610,1.7788,1.3678,0.1,0.00014657,1464.7,0.00014918,1622.9,-1.3394e-05,401.41,-6.694e-05,-0.91283,0.0037932
611,0.5488,2.0678,0.1,0.00011948,1194,0.00013204,1605.5,-6.4756e-06,564.81,-4.1441e-05,302.1,0.00040244
612,3.7785,3.7973,0.1,0.00013766,1375.6,0.00014035,1461.1,-3.4977e-05,143.77,-4.9619e-05,33.759,0.025672
613,3.0407,3.8105,0.1,0.00026714,2669.6,0.00027544,2923.1,-6.6638e-05,352.87,-9.1755e-05,164.15,0.015547
614,3.6338,4.9607,0.1,9.8274e-05,982.06,9.6306e-05,934.06,-2.6063e-05,14.625,-4.1384e-05,-100.49,0.022433
615,3.8093,4.3171,0.1,0.00011232,1122.4,0.00011257,1129.8,-3.6205e-05,11.941,-3.7422e-05,2.8026,0.025757
616,3.0716,4.8303,0.1,0.00010427,1041.9,0.00010696,1124.5,-2.6759e-05,119.84,-3.6195e-05,48.939,0.014511
617,13.43,3.7651,0.1,3.423e-05,342.06,3.372e-05,327.78,-1.0541e-05,-4.7754,-1.2973e-05,-23.047,0.24886
618,12.549,3.4516,0.1,3.8542e-05,385.16,3.8143e-05,374.08,-1.1828e-05,-1.381,-1.4318e-05,-20.094,0.22397
619,12.903,4.3592,0.1,3.6977e-05,369.52,3.6553e-05,358.38,-1.0803e-05,2.5642,-1.4268e-05,-23.472,0.23373
620,14.434,3.6237,0.1,2.7276e-05,272.57,2.7083e-05,267.22,-8.4198e-06,0.47244,-9.9231e-06,-10.823,0.27792
621,13.775,3.0967,0.1,3.1844e-05,318.22,3.162e-05,311.66,-1.0511e-05,-4.8935,-1.095e-05,-8.1968,0.25881
622,13.91,4.2634,0.1,3.0408e-05,303.87,3.0189e-05,297.56,-9.7767e-06,-2.7268,-1.0714e-05,-9.7669,0.26257
623,15.559,3.5674,0.1,2.1704e-05,216.89,2.1476e-05,211.21,-6.1704e-06,3.484,-8.4708e-06,-13.8,0.3111
624,14.956,2.9944,0.1,2.441e-05,243.94,2.427e-05,240.87,-6.8781e-06,6.8321,-9.3691e-06,-11.884,0.29325
625,15.008,4.1876,0.1,2.4328e-05,243.11,2.4156e-05,238.65,-7.2226e-06,2.8844,-9.0962e-06,-11.193,0.29472
626,16.688,3.5491,0.1,1.6756e-05,167.45,1.6515e-05,161.15,-4.8105e-06,0.92246,-6.6214e-06,-12.684,0.34497
627,16.116,2.9548,0.1,1.9164e-05,191.51,1.8921e-05,184.99,-5.6684e-06,0.2366,-7.38e-06,-12.623,0.32776
628,16.128,4.1641,0.1,1.9037e-05,190.24,1.8816e-05,184.23,-5.726e-06,-0.16982,-7.2138e-06,-11.348,0.32807
629,17.803,3.5474,0.1,1.2304e-05,122.96,1.2086e-05,117.52,-3.3567e-06,1.4886,-5.0668e-06,-11.361,0.37881
630,17.247,2.9566,0.1,1.4289e-05,142.79,1.409e-05,137.76,-4.0202e-06,1.6811,-5.6976e-06,-10.922,0.36187
631,17.246,4.1595,0.1,1.4248e-05,142.38,1.4061e-05,137.52,-4.1008e-06,1.0646,-5.589e-06,-10.117,0.36184
632,18.919,3.5629,0.1,8.6153e-06,86.094,8.3806e-06,80.476,-2.1723e-06,1.1858,-3.8076e-06,-11.101,0.41298
633,18.363,2.9603,0.1,1.0224e-05,102.17,1.0003e-05,96.713,-2.7175e-06,1.1368,-4.3296e-06,-10.976,0.3959
634,18.354,4.1442,0.1,1.0198e-05,101.91,9.9976e-06,96.879,-2.774e-06,0.91805,-4.2396e-06,-10.094,0.39564
635,20.036,3.5815,0.1,5.6739e-06,56.7,5.4106e-06,50.875,-1.1954e-06,1.2399,-2.8135e-06,-10.918,0.4474
636,19.484,2.9737,0.1,6.91e-06,69.053,6.6686e-06,63.48,-1.6194e-06,1.2072,-3.2151e-06,-10.782,0.43033
637,19.478,4.1768,0.1,6.8777e-06,68.729,6.6652e-06,63.678,-1.6958e-06,0.85593,-3.1048e-06,-9.7303,0.43017
638,20.6,2.9881,0.1,4.3579e-06,43.549,4.0702e-06,37.539,-7.5866e-07,1.2574,-2.3574e-06,-10.755,0.46478
639,21.156,3.5928,0.1,3.4884e-06,34.86,3.1618e-06,28.421,-4.5224e-07,1.2661,-2.07e-06,-10.889,0.48201
640,20.597,4.1939,0.1,4.2853e-06,42.824,4.0403e-06,37.533,-8.2645e-07,0.96652,-2.2298e-06,-9.5778,0.46471
641,20.047,2.3803,0.1,5.6464e-06,56.425,5.3794e-06,50.529,-1.1817e-06,1.2324,-2.8113e-06,-11.012,0.44766
642,21.165,2.3946,0.1,3.4738e-06,34.714,3.1438e-06,28.194,-4.4891e-07,1.1999,-2.0679e-06,-10.964,0.48224
643,20.611,1.7853,0.1,4.261e-06,42.581,4.0138e-06,37.219,-8.2458e-07,0.86524,-2.221e-06,-9.6269,0.46505
644,18.927,2.3711,0.1,8.5834e-06,85.775,8.3484e-06,80.15,-2.1636e-06,1.166,-3.7957e-06,-11.097,0.41317
645,19.486,1.7783,0.1,6.8366e-06,68.319,6.6221e-06,63.252,-1.6701e-06,0.9478,-3.1014e-06,-9.8063,0.4303
646,17.806,2.3695,0.1,1.2292e-05,122.84,1.2079e-05,117.49,-3.3803e-06,1.335,-5.0331e-06,-11.083,0.37885
647,18.367,1.7782,0.1,1.0159e-05,101.52,9.9632e-06,96.597,-2.7746e-06,0.89026,-4.2079e-06,-9.8792,0.39592
648,16.675,2.3623,0.1,1.6799e-05,167.88,1.6585e-05,162.26,-4.8759e-06,1.0117,-6.5465e-06,-11.54,0.3445
649,17.243,1.7768,0.1,1.4249e-05,142.39,1.4074e-05,137.8,-4.1415e-06,0.93389,-5.5372e-06,-9.553,0.36162
650,15.513,2.3817,0.1,2.1953e-05,219.38,2.1785e-05,215.17,-6.3644e-06,3.6721,-8.3595e-06,-11.318,0.30969
651,16.102,1.7718,0.1,1.9175e-05,191.62,1.9012e-05,187.17,-5.8195e-06,0.60155,-7.1139e-06,-9.1246,0.32715
652,14.297,2.4674,0.1,2.8959e-05,289.39,2.8809e-05,285.31,-8.9202e-06,1.8332,-1.0447e-05,-9.6363,0.27388
653,14.933,1.8043,0.1,2.4984e-05,249.67,2.4874e-05,246.64,-7.7577e-06,1.4605,-8.9229e-06,-7.2949,0.29236
654,12.894,2.7832,0.1,3.6145e-05,361.2,3.6029e-05,357.85,-1.1667e-05,-0.51718,-1.2413e-05,-6.1238,0.23366
655,13.685,1.938,0.1,3.2418e-05,323.96,3.226e-05,319.61,-1.0069e-05,1.5653,-1.1603e-05,-9.9588,0.25605
656,11.616,3.0202,0.1,4.4057e-05,440.27,4.3941e-05,436.88,-1.4411e-05,-1.5551,-1.4896e-05,-5.2006,0.19823
657,11.962,3.8341,0.1,4.1666e-05,416.37,4.1611e-05,414.9,-1.3205e-05,3.0346,-1.4386e-05,-5.8378,0.2076
658,12.323,2.2527,0.1,3.8509e-05,384.82,3.8434e-05,382.85,-1.203e-05,3.6852,-1.3505e-05,-7.3989,0.21756
659,10.573,2.9977,0.1,5.2844e-05,528.08,5.2822e-05,527.47,-1.7189e-05,1.4248,-1.7728e-05,-2.6211,0.17037
660,10.945,3.7621,0.1,5.0523e-05,504.88,5.043e-05,502.14,-1.6689e-05,-2.1631,-1.6844e-05,-3.3288,0.1801
661,11.259,2.2464,0.1,4.7942e-05,479.09,4.7755e-05,473.61,-1.5719e-05,-3.3059,-1.6295e-05,-7.6335,0.18844
662,9.4726,2.9732,0.1,6.1043e-05,610.01,6.1198e-05,614.73,-1.9206e-05,10.604,-2.075e-05,-0.99968,0.14223
663,9.8683,3.7071,0.1,5.8303e-05,582.63,5.8516e-05,588.89,-1.898e-05,6.6188,-1.9074e-05,5.909,0.15212
664,10.157,2.2439,0.1,5.5895e-05,558.56,5.5969e-05,560.76,-1.8075e-05,4.4233,-1.8665e-05,-0.010418,0.15944
665,8.4834,2.8559,0.1,7.0221e-05,701.73,7.0276e-05,703.83,-2.1635e-05,13.247,-2.4534e-05,-8.5385,0.11818
666,8.6962,3.7006,0.1,6.8277e-05,682.29,6.8327e-05,684.14,-2.1245e-05,11.127,-2.3667e-05,-7.0737,0.12318
667,9.0684,2.2021,0.1,6.4777e-05,647.33,6.4883e-05,650.75,-2.0102e-05,12.21,-2.2394e-05,-5.0113,0.1321
668,7.5849,3.313,0.1,7.6915e-05,768.61,7.7137e-05,776.17,-2.2918e-05,24.39,-2.7262e-05,-8.2492,0.097549
669,8.0644,2.1362,0.1,7.3525e-05,734.74,7.3703e-05,740.16,-2.3156e-05,12.397,-2.4989e-05,-1.368,0.10823
670,21.721,2.9993,0.1,2.5743e-06,25.725,2.1931e-06,18.757,-1.4346e-07,1.2013,-1.7371e-06,-10.773,0.49951
671,21.727,4.1976,0.1,2.4489e-06,24.473,2.1336e-06,18.498,-2.0971e-07,0.89117,-1.5856e-06,-9.4471,0.49972
672,22.29,3.6007,0.1,2.07e-06,20.686,1.6226e-06,13.043,5.0546e-08,1.2309,-1.5564e-06,-10.843,0.51717
673,22.292,2.3977,0.1,2.068e-06,20.665,1.618e-06,12.984,5.3157e-08,1.2263,-1.5578e-06,-10.878,0.51717
674,21.73,1.7983,0.1,2.4412e-06,24.395,2.122e-06,18.366,-2.0244e-07,0.90062,-1.5875e-06,-9.5065,0.4997
675,6.4533,3.8709,0.1,8.5391e-05,853.32,8.6001e-05,875.23,-2.2764e-05,58.01,-3.1829e-05,-10.106,0.073212
676,5.8742,2.8656,0.1,9.2323e-05,922.59,9.2949e-05,945.11,-2.4756e-05,60.72,-3.4361e-05,-11.445,0.061805
677,5.2505,4.3246,0.1,9.8582e-05,985.14,9.8971e-05,1000.1,-2.7281e-05,51.508,-3.6518e-05,-17.895,0.049742
678,5.1872,3.3364,0.1,0.00010247,1024,0.00010328,1055.5,-2.5581e-05,87.28,-3.9379e-05,-16.394,0.048956
679,5.8946,4.9378,0.1,9.1657e-05,915.93,9.2346e-05,937.74,-2.6529e-05,44.561,-3.2375e-05,0.63674,0.061406
680,7.7977,4.1577,0.1,7.4958e-05,749.06,7.5179e-05,756.4,-2.2495e-05,22.518,-2.6419e-05,-6.9614,0.10209
681,7.0401,2.8449,0.1,8.1655e-05,815.99,8.2126e-05,831.57,-2.3423e-05,38.513,-2.929e-05,-5.5679,0.085621
682,7.1226,4.9331,0.1,8.003e-05,799.75,8.0552e-05,816.24,-2.3441e-05,34.879,-2.8177e-05,-0.70541,0.086647
683,9.0918,4.4345,0.1,6.553e-05,654.84,6.5645e-05,658.3,-2.101e-05,7.2093,-2.2e-05,-0.22999,0.13246
684,8.3639,5.2245,0.1,7.161e-05,715.6,7.1895e-05,724.05,-2.2789e-05,12.633,-2.3894e-05,4.3338,0.11442
685,10.24,4.4715,0.1,5.605e-05,560.12,5.6182e-05,564,-1.8065e-05,6.1389,-1.8662e-05,1.6595,0.16136
686,9.5416,5.21,0.1,6.2371e-05,623.28,6.2618e-05,630.82,-1.9283e-05,15.447,-2.135e-05,-0.080895,0.14307
687,11.29,4.576,0.1,4.8186e-05,481.53,4.8151e-05,480.55,-1.5577e-05,1.7182,-1.6291e-05,-3.647,0.18905
688,10.637,5.2615,0.1,5.2787e-05,527.5,5.299e-05,533.51,-1.6881e-05,8.5316,-1.7547e-05,3.5247,0.17123
689,12.315,4.7416,0.1,4.0044e-05,400.16,3.9987e-05,398.94,-1.2198e-05,6.84,-1.4283e-05,-8.8231,0.21709
690,11.716,5.3145,0.1,4.499e-05,449.59,4.4912e-05,447.35,-1.4519e-05,0.81545,-1.5323e-05,-5.2251,0.20022
691,13.382,4.8575,0.1,3.3208e-05,331.85,3.308e-05,328.59,-1.0042e-05,4.5893,-1.2063e-05,-10.6,0.24721
692,12.787,5.4272,0.1,3.7066e-05,370.4,3.6926e-05,366.6,-1.1525e-05,2.5607,-1.3176e-05,-9.8472,0.22998
693,14.484,4.8274,0.1,2.757e-05,275.51,2.7366e-05,269.77,-8.6487e-06,-0.83489,-9.9213e-06,-10.396,0.27915
694,13.909,5.4304,0.1,3.0472e-05,304.51,3.0301e-05,299.73,-9.5726e-06,0.12696,-1.0849e-05,-9.4623,0.26212
695,15.578,4.7843,0.1,2.1753e-05,217.38,2.1569e-05,212.22,-6.7794e-06,-0.77766,-7.9119e-06,-9.2869,0.3115
696,15.014,5.397,0.1,2.4591e-05,245.74,2.4411e-05,240.6,-7.7822e-06,-1.2839,-8.7864e-06,-8.8295,0.29455
697,16.686,4.7746,0.1,1.66e-05,165.88,1.6423e-05,161.06,-5.0167e-06,-0.029852,-6.2417e-06,-9.2344,0.34479
698,16.127,5.3873,0.1,1.893e-05,189.17,1.8749e-05,184.26,-5.6987e-06,0.57496,-7.0996e-06,-9.9505,0.32779
699,17.798,4.7563,0.1,1.2215e-05,122.06,1.2035e-05,117.35,-3.5177e-06,0.49784,-4.8248e-06,-9.3233,0.37857
700,17.247,5.3872,0.1,1.4203e-05,141.93,1.4e-05,136.49,-4.1799e-06,-0.10146,-5.5272e-06,-10.225,0.36168
701,18.913,4.7582,0.1,8.5356e-06,85.297,8.3466e-06,80.564,-2.297e-06,0.59276,-3.6018e-06,-9.211,0.41276
702,18.363,5.3691,0.1,1.0122e-05,101.15,9.9071e-06,95.616,-2.8117e-06,0.05177,-4.1914e-06,-10.315,0.3958
703,20.038,4.7893,0.1,5.5554e-06,55.516,5.3545e-06,50.784,-1.3261e-06,0.58825,-2.5814e-06,-8.8438,0.44743
704,19.488,5.3891,0.1,6.8097e-06,68.05,6.5837e-06,62.506,-1.7249e-06,0.078403,-3.0709e-06,-10.035,0.43039
705,21.168,4.7987,0.1,3.2974e-06,32.952,3.0656e-06,28.013,-5.8304e-07,0.59822,-1.7999e-06,-8.5445,0.48239
706,20.613,5.4002,0.1,4.1739e-06,41.71,3.9329e-06,36.221,-8.7615e-07,0.087863,-2.142e-06,-9.4232,0.46518
707,22.301,4.7979,0.1,1.7903e-06,17.89,1.4974e-06,12.493,-8.6028e-08,0.59628,-1.2409e-06,-8.0812,0.51752
708,21.742,5.3986,0.1,2.2611e-06,22.596,1.9831e-06,16.993,-2.6259e-07,0.11961,-1.4336e-06,-8.6787,0.50018
709,22.864,4.201,0.1,1.3944e-06,13.934,9.4588e-07,6.734,1.7302e-07,0.92696,-1.1701e-06,-9.1643,0.53499
710,22.871,5.3993,0.1,1.1004e-06,10.996,7.5206e-07,5.0864,9.5345e-08,0.15209,-9.2479e-07,-7.5128,0.53521
711,23.434,4.7993,0.1,1.0272e-06,10.265,6.539e-07,4.3361,1.5793e-07,0.60952,-8.9096e-07,-7.2714,0.55267
712,22.861,2.9991,0.1,1.5741e-06,15.73,1.0212e-06,7.0721,2.458e-07,1.2458,-1.3495e-06,-10.74,0.53486
713,23.431,3.6017,0.1,1.4116e-06,14.107,8.1628e-07,5.1186,3.077e-07,1.2974,-1.2631e-06,-10.505,0.55255
714,22.866,1.7955,0.1,1.3928e-06,13.919,9.4438e-07,6.7149,1.7259e-07,0.91588,-1.1692e-06,-9.1658,0.53492
715,23.431,2.3974,0.1,1.4113e-06,14.103,8.1612e-07,5.1162,3.074e-07,1.2939,-1.2628e-06,-10.504,0.55249
716,22.304,1.1961,0.1,1.7845e-06,17.832,1.4892e-06,12.403,-8.1877e-08,0.59869,-1.2409e-06,-8.1098,0.51743
717,23.435,1.1981,0.1,1.0262e-06,10.255,6.5193e-07,4.3109,1.5848e-07,0.60333,-8.9098e-07,-7.2819,0.55254
718,22.873,0.59809,0.1,1.0997e-06,10.989,7.5255e-07,5.0872,9.3308e-08,0.13389,-9.2364e-07,-7.507,0.53502
719,21.176,1.189,0.1,3.2798e-06,32.775,3.0461e-06,27.797,-5.7718e-07,0.57295,-1.7957e-06,-8.5824,0.48248
720,21.744,0.59798,0.1,2.2564e-06,22.548,1.9766e-06,16.925,-2.579e-07,0.13606,-1.4344e-06,-8.7034,0.49999
721,20.051,1.1834,0.1,5.5191e-06,55.153,5.3167e-06,50.394,-1.3122e-06,0.58696,-2.5722e-06,-8.8802,0.44764
722,20.62,0.59099,0.1,4.1521e-06,41.492,3.9153e-06,36.088,-8.7702e-07,0.080181,-2.1237e-06,-9.287,0.46518
723,18.926,1.1855,0.1,8.4815e-06,84.757,8.2971e-06,80.152,-2.2802e-06,0.67816,-3.5747e-06,-9.0483,0.41297
724,19.493,0.5924,0.1,6.7711e-06,67.664,6.5521e-06,62.282,-1.7236e-06,0.1016,-3.0386e-06,-9.7788,0.43032
725,17.804,1.1855,0.1,1.2179e-05,121.7,1.2012e-05,117.31,-3.535e-06,0.49498,-4.7666e-06,-8.7588,0.37858
726,18.371,0.59307,0.1,1.011e-05,101.03,9.9102e-06,95.879,-2.8257e-06,0.18622,-4.1476e-06,-9.746,0.39579
727,16.67,1.1862,0.1,1.6682e-05,166.71,1.6549e-05,163.07,-5.0849e-06,0.52438,-6.1534e-06,-7.5038,0.34412
728,17.246,0.59242,0.1,1.4193e-05,141.83,1.4006e-05,136.8,-4.2078e-06,-0.046397,-5.4692e-06,-9.5244,0.36141
729,15.521,1.1944,0.1,2.2281e-05,222.65,2.2157e-05,219.06,-7.2103e-06,-1.5921,-7.7358e-06,-5.5407,0.30962
730,16.112,0.59381,0.1,1.9011e-05,189.98,1.8897e-05,186.92,-5.77e-06,1.5864,-6.9643e-06,-7.3869,0.3271
731,14.321,1.2749,0.1,2.8536e-05,285.16,2.8407e-05,281.55,-8.9841e-06,0.60702,-1.0083e-05,-7.6508,0.27424
732,14.972,0.60056,0.1,2.5308e-05,252.91,2.5131e-05,247.74,-8.2203e-06,-2.8422,-8.8306e-06,-7.4275,0.29308
733,13.114,1.4075,0.1,3.4933e-05,349.09,3.4791e-05,345.55,-1.0459e-05,5.5592,-1.2793e-05,-11.975,0.23951
734,13.787,0.67439,0.1,3.1469e-05,314.47,3.1195e-05,306.94,-9.6253e-06,0.2324,-1.162e-05,-14.758,0.25845
735,11.965,1.4789,0.1,4.2491e-05,424.62,4.2332e-05,420.21,-1.3331e-05,1.9824,-1.4995e-05,-10.52,0.20737
736,12.64,0.7331,0.1,3.7758e-05,377.32,3.7483e-05,369.87,-1.1486e-05,1.932,-1.3897e-05,-16.182,0.22575
737,10.843,1.4925,0.1,5.108e-05,510.45,5.0978e-05,507.48,-1.66e-05,-0.27878,-1.7312e-05,-5.6301,0.17703
738,11.513,0.74578,0.1,4.589e-05,458.59,4.5649e-05,451.65,-1.469e-05,-1.7091,-1.6058e-05,-11.986,0.19456
739,9.7529,1.4729,0.1,5.9698e-05,596.57,5.9721e-05,597.29,-1.9254e-05,3.905,-2.0094e-05,-2.4063,0.14876
740,10.393,0.74675,0.1,5.4751e-05,547.13,5.4571e-05,541.89,-1.789e-05,-2.5582,-1.86e-05,-7.8977,0.16468
741,8.6494,1.4825,0.1,6.8113e-05,680.66,6.8336e-05,687.29,-2.1755e-05,10.38,-2.2745e-05,2.9412,0.1216
742,9.2986,0.7261,0.1,6.3487e-05,634.44,6.3479e-05,634.28,-2.0403e-05,4.0202,-2.1504e-05,-4.2562,0.13678
743,7.5196,1.6681,0.1,7.8195e-05,781.41,7.8654e-05,795.28,-2.3983e-05,24.102,-2.6656e-05,4.0217,0.095643
744,8.1644,0.75637,0.1,7.3441e-05,733.91,7.346e-05,734.47,-2.3991e-05,2.2593,-2.444e-05,-1.1143,0.10953
745,6.4611,1.8395,0.1,8.8591e-05,885.3,8.9077e-05,901.47,-2.542e-05,41.187,-3.1819e-05,-6.89,0.073137
746,7.0439,0.91172,0.1,8.3582e-05,835.24,8.3948e-05,846.38,-2.5802e-05,21.763,-2.8578e-05,0.90409,0.084597
747,5.4438,1.6714,0.1,9.6477e-05,964.1,9.6576e-05,968.71,-2.8464e-05,29.215,-3.478e-05,-18.244,0.053166
748,5.9811,0.92782,0.1,9.1033e-05,909.7,9.1531e-05,924.97,-2.7644e-05,29.531,-3.1356e-05,1.6379,0.062749
749,4.2322,5.0172,0.1,9.7384e-05,973.17,9.6644e-05,951.51,-3.2103e-05,-15.843,-3.3637e-05,-27.372,0.031661
750,4.4077,4.3737,0.1,0.00011379,1137.1,0.00011423,1157.2,-2.9696e-05,75.767,-4.3554e-05,-28.36,0.03512
751,4.7949,5.3868,0.1,0.00010028,1002.1,9.996e-05,992.86,-3.2437e-05,-1.9189,-3.4365e-05,-16.403,0.040655
752,4.7568,2.1422,0.1,0.00010665,1065.8,0.00010698,1079.6,-2.9341e-05,55.376,-3.9812e-05,-23.297,0.041188
753,4.3884,1.227,0.1,9.7362e-05,972.95,9.6766e-05,955.54,-3.1906e-05,-11.25,-3.3529e-05,-23.443,0.034258
754,4.9017,0.74358,0.1,9.6874e-05,968.07,9.6351e-05,952.89,-3.144e-05,-7.2815,-3.3517e-05,-22.883,0.042424
755,1.0571,4.4044,0.1,0.00014791,1478.1,0.00013863,1340.5,-1.4386e-05,190.74,-8.3271e-05,-326.83,0.0014363
756,1.7902,5.2294,0.1,0.00010867,1085.9,0.00011,1157.6,-1.766e-05,198.47,-4.6927e-05,-21.441,0.0033553
757,0.56024,4.8794,0.1,0.0001021,1020.3,0.0001149,1420.2,-7.1486e-06,503.18,-3.1386e-05,321.08,0.0003706
758,1.1752,5.4794,0.1,0.00011394,1138.6,0.00010865,1005.8,-2.888e-05,-27.566,-5.3797e-05,-214.78,0.001375
759,4.3444,3.3855,0.1,0.00011716,1170.7,0.00011801,1208.6,-2.7435e-05,115.75,-4.6436e-05,-27.022,0.034546
760,3.1549,2.4465,0.1,0.00017499,1748.7,0.0001708,1642.1,-4.7583e-05,1.2183,-7.4029e-05,-197.49,0.017158
761,2.7671,2.9412,0.1,0.00022381,2236.6,0.00021749,2075,-6.0404e-05,-13.006,-9.6635e-05,-285.24,0.012927
762,2.8015,3.3777,0.1,0.00028251,2823.2,0.00028653,2941.4,-8.7407e-05,131.77,-9.0998e-05,104.79,0.013168
763,2.8015,2.3777,0.1,0.00035109,3508.5,0.00036175,3836.2,-8.6627e-05,467.31,-0.00012179,203.13,0.012859
764,0.49684,3.725,0.1,0.00013332,1332.3,0.00014481,1748.7,-2.0193e-06,645.49,-5.2193e-05,268.5,0.0003364
765,3.1889,5.3804,0.1,7.4728e-05,746.76,7.6773e-05,807.85,-2.0441e-05,77.423,-2.4655e-05,45.76,0.015192
766,3.7514,5.6304,0.1,8.3708e-05,836.5,8.2012e-05,790.83,-2.442e-05,-8.8573,-3.3645e-05,-78.17,0.0232
767,3.2383,0.73339,0.1,8.137e-05,813.14,8.3765e-05,885.39,-2.1283e-05,96.105,-2.7376e-05,50.321,0.015733
768,3.8007,0.48339,0.1,8.8593e-05,885.32,8.7088e-05,844.83,-2.5983e-05,-4.7365,-3.4984e-05,-72.365,0.023779
769,1.8385,1.9617,0.1,0.00019837,1982.3,0.00020352,2213,-2.4133e-05,502.51,-8.562e-05,40.523,0.0046271
770,0.60848,3.0117,0.1,0.00012945,1293.6,0.00014215,1706.3,-9.748e-06,565.04,-4.4878e-05,301.08,0.00051391
771,1.7813,0.68594,0.1,0.0001125,1124.3,0.00011407,1203.7,-1.8185e-05,210,-4.8349e-05,-16.637,0.0031836
772,0.55126,1.0359,0.1,9.8529e-05,984.61,0.00010954,1339.6,-5.7128e-06,473.64,-3.2995e-05,268.65,0.00033299
773,1.1663,0.43594,0.1,0.0001164,1163.2,0.00011105,1048.5,-2.3552e-05,37.223,-5.8124e-05,-222.54,0.0012525
774,2.9801,1.8188,0.1,0.00017755,1774.3,0.00017899,1816.5,-5.7021e-05,43.24,-5.7287e-05,41.241,0.01412
775,2.509,3.5634,0.1,0.0003269,3266.8,0.00032925,3343.5,-9.253e-05,174.44,-0.00011746,-12.894,0.010037
776,2.6267,5.25,0.1,9.0159e-05,900.96,9.5424e-05,1058.4,-2.0448e-05,187.81,-2.8155e-05,129.9,0.0074548
777,2.6267,5.75,0.1,5.3635e-05,535.98,5.7928e-05,682.85,-3.816e-06,218.93,-2.016e-05,96.132,0.0063402
778,2.6267,5.5,0.05,7.8758e-06,78.704,6.0476e-06,45.44,-6.4185e-13,-5.3809e-06,-6.0476e-06,-45.44,0.0068547
779,2.6267,4.75,0.1,0.00020305,2029.1,0.00019847,1932.1,-4.758e-05,83.315,-9.0447e-05,-238.77,0.0086582
780,2.6267,5,0.05,1.8853e-05,188.4,1.4477e-05,108.77,-4.321e-13,-4.9784e-06,-1.4477e-05,-108.77,0.0080085
781,2.6267,4.25,0.1,0.00031063,3104.1,0.00031423,3211.9,-9.2893e-05,152.93,-0.00010466,64.518,0.009946
782,2.6267,4.5,0.05,5.1261e-05,512.26,3.9362e-05,295.75,2.9754e-12,8.2092e-07,-3.9362e-05,-295.75,0.0092719
783,2.5433,4,0.1,0.00037631,3760.5,0.00038864,4137.4,-9.2564e-05,521.86,-0.00012914,247,0.009666
784,2.6267,4,0.05,1.8228e-05,182.16,1.3997e-05,105.17,-1.4367e-12,-0.00017331,-1.3997e-05,-105.17,0.010483
785,2.46,4.25,0.1,0.00028249,2823,0.00028199,2845.2,-6.6016e-05,230.44,-0.00011636,-147.8,0.0082816
786,2.46,4,0.05,2.6206e-05,261.88,2.0123e-05,151.2,-6.8403e-11,-0.00077823,-2.0123e-05,-151.2,0.0089091
787,2.46,4.75,0.1,0.00017239,1722.7,0.00015764,1388.6,-3.2794e-05,-42.232,-9.6854e-05,-523.55,0.0069674
788,2.46,4.5,0.05,4.305e-05,430.21,3.3057e-05,248.38,1.0373e-11,4.8247e-05,-3.3057e-05,-248.38,0.0075734
789,2.46,5.25,0.1,8.2488e-05,824.31,8.5306e-05,934.33,-1.0913e-05,211.38,-3.4164e-05,36.677,0.0060004
790,2.46,5,0.05,1.4241e-05,142.32,1.0936e-05,82.166,2.0043e-12,3.9705e-05,-1.0936e-05,-82.166,0.0064184
791,2.46,5.75,0.1,7.8025e-05,779.71,8.7459e-05,1062,-1.1114e-05,321.33,-2.0832e-05,248.31,0.0051642
792,2.46,5.5,0.05,1.366e-05,136.51,1.0489e-05,78.812,5.7806e-13,1.2338e-05,-1.0489e-05,-78.812,0.0055693
793,2.6267,0.75,0.1,9.5683e-05,956.17,0.0001015,1135.5,-1.8199e-05,236.15,-3.2167e-05,131.21,0.0070654
794,2.6267,0.25,0.1,6.0765e-05,607.23,6.4997e-05,755.59,-4.8101e-06,231.09,-2.3542e-05,90.352,0.0059124
795,2.6267,0.5,0.05,9.0822e-06,90.759,6.974e-06,52.4,-7.8209e-13,-1.5412e-05,-6.974e-06,-52.4,0.0064497
796,2.6267,1.25,0.1,0.00016449,1643.7,0.00016916,1781.5,-4.8028e-05,149.57,-5.1143e-05,126.16,0.0082833
797,2.6267,1,0.05,1.5603e-05,155.93,1.1981e-05,90.024,5.6654e-13,-9.1055e-06,-1.1981e-05,-90.024,0.0076333
798,2.6267,1.75,0.1,0.00034668,3464.4,0.00036165,3948.4,-6.6003e-05,735.21,-0.00012683,278.18,0.0095785
799,2.6267,1.5,0.05,3.5826e-05,358.01,2.751e-05,206.7,-3.3182e-12,-1.7313e-05,-2.751e-05,-206.7,0.008892
800,2.5433,2,0.1,0.00046497,4646.5,0.0004915,5528,-6.6432e-05,1335.9,-0.00017343,532,0.0093813
801,2.6267,2,0.05,6.5848e-05,658.03,5.0563e-05,379.91,2.7353e-13,4.0731e-06,-5.0563e-05,-379.91,0.010202
802,2.46,1.75,0.1,0.0003562,3559.6,0.00037902,4264,-6.5358e-05,925.12,-0.00011946,518.6,0.0080453
803,2.46,2,0.05,1.9194e-05,191.81,1.4739e-05,110.74,1.3181e-11,0.00015676,-1.4739e-05,-110.74,0.0086191
804,2.46,1.25,0.1,0.00020023,2000.9,0.00021662,2513.8,-2.8104e-05,675.05,-6.6991e-05,382.87,0.0069853
805,2.46,1.5,0.05,2.4694e-05,246.77,1.8962e-05,142.47,1.156e-12,2.7516e-05,-1.8962e-05,-142.47,0.0074803
806,2.46,0.75,0.1,0.0001301,1300.1,0.00014167,1656.1,-1.9024e-05,448.69,-4.1514e-05,279.71,0.0061005
807,2.46,1,0.05,1.246e-05,124.51,9.5677e-06,71.888,-4.2433e-22,-1.5249e-14,-9.5677e-06,-71.888,0.0065186
808,2.46,0.25,0.1,9.4939e-05,948.74,0.00010228,1164.8,-2.241e-05,227.98,-2.5518e-05,204.63,0.0053109
809,2.46,0.5,0.05,9.4901e-06,94.835,7.2872e-06,54.753,5.8395e-13,9.5755e-06,-7.2872e-06,-54.753,0.0056933
810,3.1891,6,0.1,6.1357e-05,613.15,6.3043e-05,664.91,-1.5548e-05,74.4,-2.1273e-05,31.386,0.013985
811,2.6267,6,0.05,9.1813e-06,91.749,7.0501e-06,52.971,-2.0861e-13,-3.8035e-06,-7.0501e-06,-52.971,0.0057504
812,4.314,6,0.1,8.5693e-05,856.34,8.4654e-05,827.12,-2.6612e-05,-8.8897,-3.1842e-05,-48.183,0.031562
813,3.7516,6,0.05,7.2867e-07,7.2817,5.5953e-07,4.2041,-7.9157e-14,-6.6401e-07,-5.5953e-07,-4.2041,0.022527
814,5.4389,6,0.1,9.3496e-05,934.31,9.3372e-05,930.76,-3.0219e-05,2.1445,-3.1723e-05,-9.1514,0.051381
815,4.8765,6,0.05,3.896e-07,3.8933,2.9916e-07,2.2478,1.0168e-12,1.6065e-05,-2.9916e-07,-2.2478,0.041164
816,6.5639,6,0.1,8.6416e-05,863.56,8.6939e-05,879.07,-2.7193e-05,21.525,-2.8777e-05,9.6219,0.073597
817,6.0014,6,0.05,1.3494e-06,13.485,1.0362e-06,7.7856,-9.7781e-13,6.9854e-07,-1.0362e-06,-7.7856,0.062196
818,7.6888,6,0.1,7.6734e-05,766.81,7.7322e-05,784.3,-2.3762e-05,24.79,-2.568e-05,10.381,0.097976
819,7.1263,6,0.05,1.4622e-06,14.612,1.1228e-06,8.436,-7.2648e-13,6.0247e-06,-1.1228e-06,-8.436,0.085525
820,8.8137,6,0.1,6.8544e-05,684.97,6.8952e-05,697.2,-2.1174e-05,20.03,-2.3215e-05,4.6922,0.12431
821,8.2512,6,0.05,1.4718e-06,14.708,1.1301e-06,8.4914,-5.0427e-13,8.0717e-07,-1.1301e-06,-8.4914,0.1109
822,9.9386,6,0.1,5.9192e-05,591.51,5.9501e-05,600.89,-1.8166e-05,17.333,-2.0242e-05,1.7312,0.15239
823,9.3761,6,0.05,2.063e-06,20.616,1.5841e-06,11.903,-5.797e-13,2.5531e-06,-1.5841e-06,-11.903,0.13814
824,11.064,6,0.1,4.9671e-05,496.37,4.9822e-05,500.86,-1.5803e-05,7.7797,-1.667e-05,1.2603,0.18195
825,10.501,6,0.05,1.8446e-06,18.433,1.4164e-06,10.642,2.7936e-14,-1.178e-07,-1.4164e-06,-10.642,0.16699
826,12.188,6,0.1,4.1969e-05,419.4,4.1805e-05,414.67,-1.3562e-05,-1.338,-1.4453e-05,-8.0344,0.21276
827,11.626,6,0.05,1.0124e-06,10.118,7.7744e-07,5.8413,-1.6491e-22,-1.239e-15,-7.7744e-07,-5.8413,0.19721
828,13.313,6,0.1,3.4384e-05,343.6,3.4192e-05,338.07,-1.1054e-05,-1.8871,-1.2008e-05,-9.0544,0.24461
829,12.751,6,0.05,1.5542e-06,15.532,1.1935e-06,8.9672,-2.5315e-22,-1.9021e-15,-1.1935e-06,-8.9672,0.22856
830,14.438,6,0.1,2.7551e-05,275.32,2.7397e-05,270.94,-8.7309e-06,-0.50937,-9.7403e-06,-8.0933,0.2773
831,13.876,6,0.05,1.046e-06,10.453,8.0322e-07,6.0351,-1.7038e-22,-2.3291e-07,-8.0322e-07,-6.0351,0.26086
832,15.563,6,0.1,2.1822e-05,218.07,2.1639e-05,213.01,-6.7021e-06,0.064062,-8.0227e-06,-9.8579,0.31065
833,15.001,6,0.05,1.0401e-06,10.393,7.9864e-07,6.0007,-1.694e-22,-1.2728e-15,-7.9864e-07,-6.0007,0.2939
834,16.688,6,0.1,1.6604e-05,165.92,1.6386e-05,160.15,-4.8602e-06,0.51672,-6.4476e-06,-11.41,0.34454
835,16.126,6,0.05,7.7052e-07,7.6998,5.9166e-07,4.4455,-1.0349e-13,-9.4296e-16,-5.9166e-07,-4.4455,0.32754
836,17.813,6,0.1,1.2184e-05,121.75,1.1937e-05,115.24,-3.4729e-06,-0.53982,-4.9597e-06,-11.711,0.37881
837,17.251,6,0.05,7.4993e-07,7.4941,5.7585e-07,4.3267,8.3553e-16,2.1027e-08,-5.7585e-07,-4.3267,0.36163
838,18.938,6,0.1,8.4624e-06,84.566,8.2026e-06,77.996,-2.2396e-06,-0.46218,-3.7189e-06,-11.577,0.41337
839,18.375,6,0.05,6.0564e-07,6.0522,4.6505e-07,3.4942,-3.4267e-15,1.2809e-06,-4.6505e-07,-3.4942,0.39606
840,20.063,6,0.1,5.4947e-06,54.91,5.2214e-06,48.389,-1.2746e-06,-0.41935,-2.6912e-06,-11.063,0.44811
841,19.5,6,0.05,5.023e-07,5.0195,3.857e-07,2.898,1.7098e-13,3.0419e-06,-3.857e-07,-2.898,0.43071
842,21.188,6,0.1,3.1967e-06,31.945,2.9093e-06,25.644,-5.5503e-07,-0.3858,-1.8353e-06,-10.005,0.48296
843,20.625,6,0.05,3.9144e-07,3.9117,3.0058e-07,2.2584,2.0745e-13,3.1572e-06,-3.0058e-07,-2.2584,0.46552
844,22.313,6,0.1,1.6146e-06,16.135,1.2967e-06,10.029,-7.9991e-08,-0.31539,-1.1776e-06,-8.5623,0.51786
845,21.75,6,0.05,2.5106e-07,2.5089,1.9278e-07,1.4485,2.1297e-13,3.2138e-06,-1.9278e-07,-1.4485,0.5004
846,23.438,6,0.1,7.3002e-07,7.2951,3.885e-07,1.6485,1.2443e-07,-0.33561,-6.8714e-07,-6.4335,0.55279
847,22.875,6,0.05,1.3412e-07,1.3402,1.0298e-07,0.77379,2.7653e-13,4.2982e-06,-1.0298e-07,-0.77378,0.53532
848,24,5.4,0.1,6.3439e-07,6.3396,2.5964e-07,0.66751,1.8384e-07,0.098012,-6.1945e-07,-5.9376,0.57025
849,24,6,0.05,2.6039e-08,0.26021,1.9994e-08,0.15023,9.8212e-13,8.6234e-06,-1.9995e-08,-0.15023,0.57025
850,24,4.2,0.1,1.0426e-06,10.419,5.139e-07,2.6427,2.9008e-07,0.96098,-9.7108e-07,-8.5149,0.57024
851,24,4.8,0.05,5.1864e-08,0.51828,3.9825e-08,0.29923,2.0359e-13,3.7281e-06,-3.9825e-08,-0.29923,0.57024
852,24,3,0.1,1.2507e-06,12.499,6.0341e-07,3.1045,3.6644e-07,1.3241,-1.1658e-06,-10.189,0.5702
853,24,3.6,0.05,5.6138e-08,0.56099,4.3107e-08,0.32389,2.0392e-13,3.1411e-06,-4.3107e-08,-0.32389,0.57022
854,24,1.8,0.1,1.0426e-06,10.419,5.1318e-07,2.6335,2.9057e-07,0.96082,-9.7137e-07,-8.5209,0.57012
855,24,2.4,0.05,5.6845e-08,0.56806,4.365e-08,0.32797,2.2948e-13,3.1252e-06,-4.365e-08,-0.32797,0.57016
856,24,0.6,0.1,6.3406e-07,6.3362,2.5909e-07,0.66249,1.8404e-07,0.098573,-6.1922e-07,-5.9368,0.57002
857,24,1.2,0.05,5.2691e-08,0.52655,4.0461e-08,0.30401,1.9424e-13,3.5391e-06,-4.046e-08,-0.304,0.57007
858,1.5735e-14,1.8,0.1,9.0058e-05,899.96,0.00011973,1772.6,1.6811e-06,885.61,-1.7042e-06,860.17,0
859,5.2451e-15,0.6,0.1,6.81e-05,680.53,9.0238e-05,1333,2.5398e-06,674.11,-2.9576e-06,632.81,0
860,1.0632e-14,1.2,0.05,9.5605e-06,95.539,7.3413e-06,55.16,-1.4051e-13,-1.1482e-05,-7.3413e-06,-55.16,0
861,2.6226e-14,3,0.1,9.4513e-05,944.48,0.0001272,1907.8,5.5703e-06,993.93,-2.2158e-06,935.42,0
862,2.1264e-14,2.4,0.05,8.0589e-06,80.533,6.1882e-06,46.496,-2.2725e-13,1.4761e-05,-6.1882e-06,-46.496,0
863,3.6716e-14,4.2,0.1,9.1145e-05,910.82,0.00012266,1840.3,5.9662e-06,963.55,-2.6424e-06,898.87,0
864,3.1897e-14,3.6,0.05,9.8637e-06,98.569,7.5741e-06,56.909,6.3981e-12,9.2886e-05,-7.5741e-06,-56.909,0
865,4.7206e-14,5.4,0.1,7.39e-05,738.49,9.7981e-05,1446.8,1.3244e-06,720.59,-1.8583e-06,696.68,0
866,4.2529e-14,4.8,0.05,5.9659e-06,59.618,4.5811e-06,34.421,-1.7365e-13,-7.0107e-06,-4.5811e-06,-34.421,0
867,23.438,0,0.1,7.2929e-07,7.2879,3.8981e-07,1.6649,1.2262e-07,-0.34259,-6.8574e-07,-6.4163,0.5525
868,24,0,0.05,2.7523e-08,0.27504,2.1134e-08,0.15879,9.3532e-13,8.4353e-06,-2.1134e-08,-0.15879,0.56996
869,22.313,0,0.1,1.6158e-06,16.146,1.2988e-06,10.051,-8.1516e-08,-0.31971,-1.1771e-06,-8.5518,0.51757
870,22.875,0,0.05,1.3447e-07,1.3437,1.0325e-07,0.7758,2.8636e-13,4.611e-06,-1.0325e-07,-0.7758,0.53503
871,21.188,0,0.1,3.1841e-06,31.819,2.9027e-06,25.644,-5.5707e-07,-0.35172,-1.8199e-06,-9.84,0.48267
872,21.75,0,0.05,2.4809e-07,2.4791,1.905e-07,1.4313,2.2717e-13,3.2593e-06,-1.905e-07,-1.4313,0.50011
873,20.063,0,0.1,5.465e-06,54.612,5.2058e-06,48.391,-1.2881e-06,-0.40185,-2.6458e-06,-10.603,0.44782
874,20.625,0,0.05,3.8465e-07,3.8439,2.9537e-07,2.2193,2.1852e-13,3.2431e-06,-2.9537e-07,-2.2193,0.46523
875,18.938,0,0.1,8.4613e-06,84.554,8.2202e-06,78.423,-2.2688e-06,-0.38735,-3.667e-06,-10.893,0.41308
876,19.5,0,0.05,5.1597e-07,5.1561,3.962e-07,2.9769,2.2807e-13,2.8639e-06,-3.962e-07,-2.9769,0.43043
877,17.813,0,0.1,1.2185e-05,121.77,1.1959e-05,115.78,-3.4973e-06,-0.34609,-4.9054e-06,-10.926,0.37852
878,18.375,0,0.05,6.4519e-07,6.4475,4.9543e-07,3.7225,1.0826e-13,2.8638e-06,-4.9543e-07,-3.7224,0.39577
879,16.688,0,0.1,1.6577e-05,165.66,1.6402e-05,161.02,-4.8915e-06,1.0266,-6.33e-06,-9.7822,0.34425
880,17.251,0,0.05,7.2707e-07,7.2657,5.583e-07,4.1948,-6.7577e-15,8.9242e-07,-5.583e-07,-4.1948,0.36134
881,15.563,0,0.1,2.2097e-05,220.82,2.1923e-05,216,-6.8086e-06,0.1215,-8.0825e-06,-9.4498,0.31037
882,16.126,0,0.05,8.6258e-07,8.6198,6.6235e-07,4.9767,-1.1192e-13,-8.2212e-07,-6.6235e-07,-4.9767,0.32725
883,14.438,0,0.1,2.8328e-05,283.09,2.7997e-05,273.72,-8.8568e-06,-3.1814,-1.0451e-05,-15.161,0.27702
884,15.001,0,0.05,1.1567e-06,11.559,8.8819e-07,6.6735,-1.189e-13,2.7677e-07,-8.8819e-07,-6.6735,0.29362
885,13.313,0,0.1,3.4393e-05,343.69,3.3971e-05,331.89,-1.0619e-05,-3.1433,-1.2842e-05,-19.85,0.24436
886,13.876,0,0.05,9.9784e-07,9.9715,7.6622e-07,5.757,-1.6902e-13,3.4776e-07,-7.6621e-07,-5.757,0.26059
887,12.188,0,0.1,4.1236e-05,412.07,4.0872e-05,401.85,-1.2847e-05,-1.7712,-1.5031e-05,-18.179,0.21254
888,12.751,0,0.05,9.8395e-07,9.8327,7.5555e-07,5.6769,-3.5621e-13,1.1065e-06,-7.5555e-07,-5.6769,0.22833
889,11.064,0,0.1,4.965e-05,496.15,4.932e-05,486.65,-1.5965e-05,-3.876,-1.7439e-05,-14.952,0.18174
890,11.626,0,0.05,9.6664e-07,9.6597,7.4226e-07,5.5771,-8.8934e-13,-6.5104e-07,-7.4226e-07,-5.577,0.197
891,9.9386,0,0.1,5.8653e-05,586.12,5.8428e-05,579.61,-1.8975e-05,-1.9681,-2.0172e-05,-10.956,0.15216
892,10.501,0,0.05,1.525e-06,15.239,1.171e-06,8.7984,-1.2877e-12,6.0984e-07,-1.171e-06,-8.7984,0.16678
893,8.8137,0,0.1,6.8933e-05,688.86,6.8705e-05,682.22,-2.2372e-05,-2.0865,-2.3569e-05,-11.087,0.12405
894,9.3761,0,0.05,1.5833e-06,15.822,1.2158e-06,9.1351,-9.047e-13,1.8566e-06,-1.2158e-06,-9.1351,0.13791
895,7.6888,0,0.1,7.8818e-05,787.64,7.8742e-05,785.49,-2.5485e-05,2.3598,-2.6676e-05,-6.5834,0.097644
896,8.2512,0,0.05,1.8108e-06,18.096,1.3905e-06,10.448,-9.3023e-13,1.1733e-05,-1.3905e-06,-10.448,0.11061
897,6.5639,0,0.1,8.6131e-05,860.72,8.6456e-05,870.28,-2.7951e-05,10.665,-2.8244e-05,8.4669,0.073258
898,7.1263,0,0.05,8.9853e-07,8.9791,6.8996e-07,5.1841,8.7513e-12,8.8431e-05,-6.8996e-07,-5.1841,0.085181
899,5.4389,0,0.1,9.1495e-05,914.32,9.1323e-05,909.27,-3.008e-05,-2.9022,-3.065e-05,-7.1831,0.051043
900,6.0014,0,0.05,1.2066e-06,12.057,9.2648e-07,6.9613,-3.3525e-13,1.6427e-05,-9.2648e-07,-6.9612,0.061858
901,4.314,0,0.1,8.71e-05,870.4,8.5913e-05,836.47,-2.7616e-05,-16.539,-3.2112e-05,-50.325,0.031163
902,4.8765,0,0.05,1.4181e-06,14.172,1.089e-06,8.182,-1.898e-12,1.7759e-06,-1.089e-06,-8.182,0.040802
903,3.1891,0,0.1,6.8152e-05,681.05,6.9463e-05,723.63,-1.6806e-05,75.434,-2.4997e-05,13.894,0.013493
904,3.7516,0,0.05,2.0565e-06,20.55,1.5791e-06,11.865,-6.4455e-22,-7.3905e-07,-1.5791e-06,-11.865,0.02207
905,2.6267,0,0.05,1.213e-05,121.21,9.3141e-06,69.982,-5.2687e-14,-3.4435e-06,-9.3141e-06,-69.982,0.0052952
906,1.845,-4.6063e-31,0.1,9.8318e-05,982.51,9.9146e-05,1008.8,-2.8006e-05,53.472,-3.4952e-05,1.2841,0.0026874
907,2.46,-6.1417e-31,0.05,1.6402e-06,16.39,1.2594e-06,9.463,-1.1414e-21,3.0463e-05,-1.2595e-06,-9.463,0.0049036
908,0.615,-1.5354e-31,0.1,8.1996e-05,819.4,8.8369e-05,1016.6,-1.299e-05,255.05,-2.7023e-05,149.61,0.00025869
909,1.23,0,0.05,4.6534e-06,46.502,3.5732e-06,26.848,-1.8525e-13,-8.2404e-15,-3.5732e-06,-26.848,0.00112
910,0,0,0.05,2.9218e-05,291.98,2.2436e-05,168.57,-2.9704e-13,-1.6759e-05,-2.2436e-05,-168.57,0
911,0.615,6,0.1,8.1821e-05,817.64,8.8073e-05,1004.9,-1.6329e-05,220.49,-2.4686e-05,157.7,0.00026471
912,5.2451e-14,6,0.05,3.2498e-05,324.76,2.4955e-05,187.5,-1.1031e-12,-7.5979e-05,-2.4955e-05,-187.5,0
913,1.845,6,0.1,8.4018e-05,839.61,8.6311e-05,911.62,-2.0258e-05,110.9,-2.9974e-05,37.897,0.0026755
914,1.23,6,0.05,6.9477e-06,69.429,5.335e-06,40.085,-3.2651e-12,-5.6557e-05,-5.335e-06,-40.085,0.0011497
915,2.46,6,0.05,5.8477e-06,58.437,4.4903e-06,33.738,3.7222e-12,3.0482e-05,-4.4903e-06,-33.738,0.0047629
916,1.845,6,0,8.4018e-05,839.61,2.9974e-05,-37.897,2.0258e-05,-110.9,-8.6311e-05,-911.62,0.0026755
917,0.615,6,0,8.1821e-05,817.64,2.4686e-05,-157.7,1.6329e-05,-220.49,-8.8073e-05,-1004.9,0.00026471
918,2.46,5.75,0,7.8025e-05,779.71,2.0832e-05,-248.31,1.1114e-05,-321.33,-8.7459e-05,-1062,0.0051642
919,4.7206e-14,5.4,0,7.39e-05,738.49,1.8584e-06,-696.68,-1.3244e-06,-720.59,-9.7981e-05,-1446.8,0
920,1.845,-4.6063e-31,0,9.8318e-05,982.51,3.4952e-05,-1.284,2.8006e-05,-53.472,-9.9146e-05,-1008.8,0.0026874
921,0.615,-1.5354e-31,0,8.1996e-05,819.4,2.7023e-05,-149.61,1.299e-05,-255.05,-8.8369e-05,-1016.6,0.00025869
922,2.46,0.25,0,9.4939e-05,948.74,2.5518e-05,-204.63,2.241e-05,-227.98,-0.00010228,-1164.8,0.0053109
923,5.2451e-15,0.6,0,6.81e-05,680.53,2.9576e-06,-632.81,-2.5398e-06,-674.11,-9.0238e-05,-1333,0
924,4.314,0,0,8.71e-05,870.4,3.2112e-05,50.325,2.7616e-05,16.539,-8.5913e-05,-836.47,0.031163
925,3.1891,0,0,6.8152e-05,681.05,2.4997e-05,-13.894,1.6806e-05,-75.434,-6.9463e-05,-723.63,0.013493
926,5.4389,0,0,9.1495e-05,914.32,3.065e-05,7.1831,3.008e-05,2.9022,-9.1323e-05,-909.27,0.051043
927,6.5639,0,0,8.6131e-05,860.72,2.8244e-05,-8.4668,2.7951e-05,-10.665,-8.6456e-05,-870.28,0.073258
928,7.6888,0,0,7.8818e-05,787.64,2.6676e-05,6.5834,2.5485e-05,-2.3598,-7.8742e-05,-785.49,0.097644
929,8.8137,0,0,6.8933e-05,688.86,2.3569e-05,11.087,2.2372e-05,2.0865,-6.8705e-05,-682.22,0.12405
930,9.9386,0,0,5.8653e-05,586.12,2.0172e-05,10.956,1.8975e-05,1.9681,-5.8428e-05,-579.61,0.15216
931,11.064,0,0,4.965e-05,496.15,1.7439e-05,14.952,1.5965e-05,3.876,-4.932e-05,-486.65,0.18174
932,12.188,0,0,4.1236e-05,412.07,1.5031e-05,18.179,1.2847e-05,1.7712,-4.0872e-05,-401.85,0.21254
933,13.313,0,0,3.4393e-05,343.69,1.2842e-05,19.85,1.0619e-05,3.1433,-3.3971e-05,-331.89,0.24436
934,14.438,0,0,2.8328e-05,283.09,1.0451e-05,15.161,8.8568e-06,3.1814,-2.7997e-05,-273.72,0.27702
935,15.563,0,0,2.2097e-05,220.82,8.0825e-06,9.4498,6.8086e-06,-0.1215,-2.1923e-05,-216,0.31037
936,16.688,0,0,1.6577e-05,165.66,6.33e-06,9.7822,4.8915e-06,-1.0266,-1.6402e-05,-161.02,0.34425
937,17.813,0,0,1.2185e-05,121.77,4.9054e-06,10.926,3.4973e-06,0.34609,-1.1959e-05,-115.78,0.37852
938,18.938,0,0,8.4613e-06,84.554,3.667e-06,10.893,2.2688e-06,0.38735,-8.2202e-06,-78.423,0.41308
939,20.063,0,0,5.465e-06,54.612,2.6458e-06,10.603,1.2881e-06,0.40185,-5.2058e-06,-48.391,0.44782
940,21.188,0,0,3.1841e-06,31.819,1.8199e-06,9.84,5.5707e-07,0.35171,-2.9027e-06,-25.644,0.48267
941,22.313,0,0,1.6158e-06,16.146,1.1771e-06,8.5518,8.1515e-08,0.31971,-1.2988e-06,-10.051,0.51757
942,23.438,0,0,7.2929e-07,7.2879,6.8574e-07,6.4163,-1.2262e-07,0.34259,-3.898e-07,-1.6649,0.5525
943,2.6267,0.25,0,6.0765e-05,607.23,2.3542e-05,-90.352,4.8101e-06,-231.09,-6.4997e-05,-755.59,0.0059124
944,24,0.6,0,6.3406e-07,6.3362,6.1922e-07,5.9368,-1.8404e-07,-0.098572,-2.5909e-07,-0.66248,0.57002
945,3.6716e-14,4.2,0,9.1145e-05,910.82,2.6424e-06,-898.87,-5.9662e-06,-963.55,-0.00012266,-1840.3,0
946,2.6226e-14,3,0,9.4513e-05,944.48,2.2158e-06,-935.42,-5.5703e-06,-993.93,-0.0001272,-1907.8,0
947,1.5735e-14,1.8,0,9.0058e-05,899.96,1.7042e-06,-860.17,-1.6811e-06,-885.61,-0.00011973,-1772.6,0
948,24,1.8,0,1.0426e-06,10.419,9.7137e-07,8.5209,-2.9057e-07,-0.96082,-5.1318e-07,-2.6335,0.57012
949,24,3,0,1.2507e-06,12.499,1.1658e-06,10.189,-3.6644e-07,-1.3241,-6.0341e-07,-3.1045,0.5702
950,24,4.2,0,1.0426e-06,10.419,9.7108e-07,8.5149,-2.9008e-07,-0.96098,-5.139e-07,-2.6427,0.57024
951,24,5.4,0,6.3439e-07,6.3396,6.1945e-07,5.9376,-1.8384e-07,-0.098012,-2.5963e-07,-0.6675,0.57025
952,23.438,6,0,7.3002e-07,7.2951,6.8714e-07,6.4335,-1.2443e-07,0.33561,-3.8849e-07,-1.6485,0.55279
953,22.313,6,0,1.6146e-06,16.135,1.1776e-06,8.5623,7.999e-08,0.31539,-1.2967e-06,-10.029,0.51786
954,21.188,6,0,3.1967e-06,31.945,1.8353e-06,10.005,5.5503e-07,0.3858,-2.9093e-06,-25.644,0.48296
955,20.063,6,0,5.4947e-06,54.91,2.6912e-06,11.063,1.2746e-06,0.41935,-5.2214e-06,-48.389,0.44811
956,18.938,6,0,8.4624e-06,84.566,3.7189e-06,11.577,2.2396e-06,0.46218,-8.2026e-06,-77.996,0.41337
957,17.813,6,0,1.2184e-05,121.75,4.9597e-06,11.711,3.4729e-06,0.53983,-1.1937e-05,-115.24,0.37881
958,16.688,6,0,1.6604e-05,165.92,6.4476e-06,11.41,4.8602e-06,-0.51672,-1.6386e-05,-160.15,0.34454
959,15.563,6,0,2.1822e-05,218.07,8.0227e-06,9.8579,6.7021e-06,-0.064062,-2.1639e-05,-213.01,0.31065
960,14.438,6,0,2.7551e-05,275.32,9.7403e-06,8.0933,8.7309e-06,0.50936,-2.7397e-05,-270.94,0.2773
961,13.313,6,0,3.4384e-05,343.6,1.2008e-05,9.0544,1.1054e-05,1.8871,-3.4192e-05,-338.07,0.24461
962,12.188,6,0,4.1969e-05,419.4,1.4453e-05,8.0344,1.3562e-05,1.338,-4.1805e-05,-414.67,0.21276
963,11.064,6,0,4.9671e-05,496.37,1.667e-05,-1.2603,1.5803e-05,-7.7797,-4.9822e-05,-500.86,0.18195
964,9.9386,6,0,5.9192e-05,591.51,2.0242e-05,-1.7312,1.8166e-05,-17.333,-5.9501e-05,-600.89,0.15239
965,8.8137,6,0,6.8544e-05,684.97,2.3215e-05,-4.6922,2.1174e-05,-20.03,-6.8952e-05,-697.2,0.12431
966,7.6888,6,0,7.6734e-05,766.81,2.568e-05,-10.381,2.3762e-05,-24.79,-7.7322e-05,-784.3,0.097976
967,6.5639,6,0,8.6416e-05,863.56,2.8777e-05,-9.6219,2.7193e-05,-21.525,-8.6939e-05,-879.07,0.073597
968,5.4389,6,0,9.3496e-05,934.31,3.1723e-05,9.1514,3.0219e-05,-2.1445,-9.3372e-05,-930.76,0.051381
969,4.314,6,0,8.5693e-05,856.34,3.1842e-05,48.183,2.6612e-05,8.8897,-8.4654e-05,-827.12,0.031562
970,3.1891,6,0,6.1357e-05,613.15,2.1273e-05,-31.386,1.5548e-05,-74.4,-6.3043e-05,-664.91,0.013985
971,2.6267,5.75,0,5.3635e-05,535.98,2.016e-05,-96.132,3.816e-06,-218.93,-5.7928e-05,-682.85,0.0063402
972,2.46,1.25,0,0.00020023,2000.9,6.6991e-05,-382.87,2.8104e-05,-675.05,-0.00021662,-2513.8,0.0069853
973,2.46,1.75,0,0.0003562,3559.6,0.00011946,-518.6,6.5358e-05,-925.12,-0.00037902,-4264,0.0080453
974,2.46,0.75,0,0.0001301,1300.1,4.1514e-05,-279.71,1.9024e-05,-448.69,-0.00014167,-1656.1,0.0061005
975,2.5433,2,0,0.00046497,4646.5,0.00017343,-532,6.6432e-05,-1335.9,-0.0004915,-5528,0.0093813
976,2.6267,0.75,0,9.5683e-05,956.17,3.2167e-05,-131.21,1.8199e-05,-236.15,-0.0001015,-1135.5,0.0070654
977,2.6267,1.25,0,0.00016449,1643.7,5.1143e-05,-126.16,4.8028e-05,-149.57,-0.00016916,-1781.5,0.0082833
978,2.6267,1.75,0,0.00034668,3464.4,0.00012683,-278.18,6.6003e-05,-735.21,-0.00036165,-3948.4,0.0095785
979,2.46,4.75,0,0.00017239,1722.7,9.6854e-05,523.55,3.2794e-05,42.232,-0.00015764,-1388.6,0.0069674
980,2.46,4.25,0,0.00028249,2823,0.00011636,147.8,6.6016e-05,-230.44,-0.00028199,-2845.2,0.0082816
981,2.46,5.25,0,8.2488e-05,824.31,3.4164e-05,-36.677,1.0913e-05,-211.38,-8.5306e-05,-934.33,0.0060004
982,2.5433,4,0,0.00037631,3760.5,0.00012914,-247,9.2564e-05,-521.86,-0.00038864,-4137.4,0.009666
983,2.6267,5.25,0,9.0159e-05,900.96,2.8155e-05,-129.9,2.0448e-05,-187.81,-9.5424e-05,-1058.4,0.0074548
984,2.6267,4.75,0,0.00020305,2029.1,9.0447e-05,238.77,4.758e-05,-83.315,-0.00019847,-1932.1,0.0086582
985,2.6267,4.25,0,0.00031063,3104.1,0.00010466,-64.518,9.2893e-05,-152.93,-0.00031423,-3211.9,0.009946
